-0.008216591497717085 -0.025340947538203734 0.01400029844833045
-0.008216591497717085 -0.025340947538203734 0.01400029844833045
-0.008354493401017168 -0.02552562473844107 0.014180732949236996
-0.008354493401017168 -0.02552562473844107 0.014180732949236996
-0.008415903491613738 -0.025712243742437108 0.0144368609940492
-0.00847932838453297 -0.025696214067761902 0.014460603651060444
-0.00870525198842563 -0.025644248898845437 0.01453818785158087
-0.00870525198842563 -0.025644248898845437 0.01453818785158087
-0.008827897382287467 -0.02571578046955307 0.0145431899465579
-0.0088879452810732 -0.025702600602113143 0.01456160114039498
-0.009290534570249365 -0.02570908090581324 0.014570035725441077
-0.009290534570249365 -0.02570908090581324 0.014570035725441077
-0.009492652130108192 -0.025807582292956252 0.014546908671040026
-0.0101866439659732 -0.025519697946686015 0.015042055548370042
-0.0101866439659732 -0.025519697946686015 0.015042055548370042
-0.010603347416082834 -0.025401228106201088 0.015230510322813057
-0.011178547192573066 -0.02576463637058886 0.015302672776411147
-0.011438878336742495 -0.02577940350558114 0.015237418078537485
-0.011438878336742495 -0.02577940350558114 0.015237418078537485
-0.011438878336742495 -0.02577940350558114 0.015237418078537485
-0.011438878336742495 -0.02577940350558114 0.015237418078537485
-0.01149391398652673 -0.025995420731872346 0.014788897811830376
-0.012032435577712289 -0.02657785721066111 0.015267245137781965
-0.012032435577712289 -0.02657785721066111 0.015267245137781965
-0.012266649666989246 -0.02695794857960382 0.015685670047582673
-0.011521219219407089 -0.027583937840357065 0.014508521607832864
-0.011521219219407089 -0.027583937840357065 0.014508521607832864
-0.011160654365251085 -0.02790373281190056 0.013904278104815287
-0.011354317048312648 -0.028544550007121236 0.014802517507096519
-0.011007973462110174 -0.028762542166960822 0.014403261968658765
-0.011083083386079592 -0.028882890409947792 0.014536667266766834
-0.010693853766635897 -0.029109979637346434 0.014127012615691631
-0.010693853766635897 -0.029109979637346434 0.014127012615691631
-0.010195939360508985 -0.029444037514967977 0.013512235431312969
-0.010195939360508985 -0.029444037514967977 0.013512235431312969
-0.009990424965921466 -0.02950781571094986 0.013409241270228384
-0.010082526168898792 -0.029953855876460878 0.014078488625995172
-0.009682328448822025 -0.03022532048274504 0.013579895735362613
-0.009731708748203269 -0.030523380088193608 0.014039861331797715
-0.009322694949244315 -0.030811921553450264 0.013506550254924338
-0.009322694949244315 -0.030811921553450264 0.013506550254924338
-0.008897326939001485 -0.030960767213016258 0.013260465813128591
-0.008897326939001485 -0.030960767213016258 0.013260465813128591
-0.008282813443381914 -0.03136639327702419 0.0125180046636241
-0.008455743419169715 -0.03235850650142269 0.014043018609364855
-0.008136919874881188 -0.03247068692642771 0.013856107415881225
-0.008136919874881188 -0.03247068692642771 0.013856107415881225
-0.007368023962806072 -0.0328622936046848 0.01316512586666882
-0.00740731465730958 -0.03331685586017741 0.01390881831581045
-0.007127934894885654 -0.0334044596210572 0.013766391833149372
-0.007154291933810744 -0.03363418074769159 0.014136408380809484
-0.006836557498427015 -0.03385609915806362 0.013729415433693853
-0.006891481083971057 -0.03409035411523258 0.014082260251831125
-0.006377488926443339 -0.034348925776268385 0.013626798638057186
-0.006444688081115119 -0.034717409428823676 0.014194719927329569
-0.006089102019125298 -0.034872893784942266 0.013926827760360888
-0.006089102019125298 -0.034872893784942266 0.013926827760360888
-0.005752862097410938 -0.035121172151431956 0.013469700608924384
-0.005752862097410938 -0.035121172151431956 0.013469700608924384
-0.005284730527765291 -0.03566341047277989 0.012434844236364678
-0.005284730527765291 -0.03566341047277989 0.012434844236364678
-0.004419118112653497 -0.036392283025787966 0.011075027038528584
-0.0065178035382168625 -0.039805720858521465 0.014929684309203967
-0.005781200818223919 -0.04048801855168624 0.013658869189281247
-0.00646837765682913 -0.04159205634991882 0.014901956292513785
-0.005542274442017853 -0.04242771885672032 0.01335110439928569
-0.006405556022406764 -0.04388324330483051 0.01503091974563997
-0.006405556022406764 -0.04388324330483051 0.01503091974563997
-0.007589130586962409 -0.045412833609249206 0.016531181766928277
-0.007589130586962409 -0.045412833609249206 0.016531181766928277
-0.007589130586962409 -0.045412833609249206 0.016531181766928277
-0.005240316373439982 -0.04835868908132848 0.010968028416682152
-0.008796611104070748 -0.05317112099482295 0.01591045171141872
-0.007564561101760001 -0.05477532138095835 0.012900567473289742
-0.009221049670330841 -0.05723245667004678 0.015588443941252472
-0.008185809097421948 -0.05854762735467224 0.013138472358304981
-0.009464088861388067 -0.06052794565326837 0.015369486531415066
-0.009464088861388067 -0.06052794565326837 0.015369486531415066
-0.010990921839771309 -0.06239458580823924 0.017168762884397865
-0.009393300299505594 -0.06451923711053788 0.01322637505376914
-0.011170512604356184 -0.06677202312520694 0.01547397374939355
-0.010444737348107094 -0.06810537392393715 0.012969166823493083
-0.011989857844668453 -0.0702073308084559 0.015188470208138627
-0.011989857844668453 -0.0702073308084559 0.015188470208138627
-0.01293376754225345 -0.07157442807608204 0.016689571819715837
-0.012103233659610621 -0.07306154504435271 0.013920165221070535
-0.012400957069597263 -0.07360297167185628 0.014589038674993199
-0.012354130978985176 -0.07374426085376735 0.014322410323500512
-0.012352351553347338 -0.07373732691808808 0.014311735041388662
-0.012353213470665633 -0.07373897899918681 0.014308462217294815
-0.012346510130874941 -0.07372165974373406 0.014283961100556963
-0.012346510130874941 -0.07372165974373406 0.014283961100556963
-0.012333870111668171 -0.07372525259283387 0.014302485270779153
-0.012433659378104533 -0.07368719552526204 0.014360092779311717
-0.012392282621381145 -0.07369609246727843 0.01441365980918563
-0.012451142658172654 -0.07368676720520526 0.014424474839995122
-0.012431378342828564 -0.07359391007767258 0.014281233272530613
-0.012534608921120446 -0.07356132776713876 0.014329749773756506
-0.012534608921120446 -0.07356132776713876 0.014329749773756506
-0.012535497236880647 -0.07356300585344007 0.014326424068339616
-0.012535497236880647 -0.07356300585344007 0.014326424068339616
-0.012356473366275322 -0.07360815236846695 0.014263418984469284
-0.012356473366275322 -0.07360815236846695 0.014263418984469284
-0.012375168475737552 -0.07360826626471845 0.014260427556457789
-0.012375168475737552 -0.07360826626471845 0.014260427556457789
-0.012350305749648557 -0.07361389393306708 0.014253404808404507
-0.012350305749648557 -0.07361389393306708 0.014253404808404507
-0.012432278563017915 -0.07359556346504241 0.01427795223904088
-0.012432278563017915 -0.07359556346504241 0.01427795223904088
-0.012432278563017915 -0.07359556346504241 0.01427795223904088
-0.012432278563017915 -0.07359556346504241 0.01427795223904088
-0.01235824968873682 -0.07361150827116775 0.014256766530127418
-0.01235824968873682 -0.07361150827116775 0.014256766530127418
-0.012431378342828564 -0.07359391007767258 0.014281233272530613
-0.012431378342828564 -0.07359391007767258 0.014281233272530613
-0.012355573408613582 -0.07360648285496049 0.014266731125017668
-0.012355573408613582 -0.07360648285496049 0.014266731125017668
-0.012355573408613582 -0.07360648285496049 0.014266731125017668
-0.012355573408613582 -0.07360648285496049 0.014266731125017668
-0.012355573408613582 -0.07360648285496049 0.014266731125017668
-0.012355573408613582 -0.07360648285496049 0.014266731125017668
-0.012355573408613582 -0.07360648285496049 0.014266731125017668
-0.012355573408613582 -0.07360648285496049 0.014266731125017668
-0.012355573408613582 -0.07360648285496049 0.014266731125017668
-0.012481817727163794 -0.07429734554935047 0.015364609002291058
-0.012481817727163794 -0.07429734554935047 0.015364609002291058
-0.013333079978868748 -0.07531311347329829 0.016336562737118393
-0.013333079978868748 -0.07531311347329829 0.016336562737118393
-0.013333079978868748 -0.07531311347329829 0.016336562737118393
-0.013333079978868748 -0.07531311347329829 0.016336562737118393
-0.013333079978868748 -0.07531311347329829 0.016336562737118393
-0.013333079978868748 -0.07531311347329829 0.016336562737118393
-0.017025854388922512 -0.0812097654297349 0.023182745841218683
-0.017025854388922512 -0.0812097654297349 0.023182745841218683
-0.01753529765395427 -0.08223289978279542 0.024494496302241597
-0.01753529765395427 -0.08223289978279542 0.024494496302241597
-0.017909894970195656 -0.08283558022899186 0.02519444551371111
-0.017909894970195656 -0.08283558022899186 0.02519444551371111
-0.017909894970195656 -0.08283558022899186 0.02519444551371111
-0.017909894970195656 -0.08283558022899186 0.02519444551371111
-0.01845374260875171 -0.08343485588231865 0.02573095689359209
-0.0124318898005943 -0.08974065270350218 0.014611527917130052
-0.012447161468658666 -0.08973003933122438 0.014577575000422227
-0.012537070870874231 -0.08970884764691547 0.01460525319506295
-0.012600177710849758 -0.08967520212288502 0.014483674692469917
-0.012600177710849758 -0.08967520212288502 0.014483674692469917
-0.012637124386162976 -0.0898291870147414 0.014723908675484454
-0.012637124386162976 -0.0898291870147414 0.014723908675484454
-0.012633033085313647 -0.08982229887075711 0.014715348351248991
-0.01271950474583844 -0.08979569009896941 0.01475191029728648
-0.01268636996042817 -0.0897729227146354 0.014742627768898647
-0.01268636996042817 -0.0897729227146354 0.014742627768898647
-0.012717750407428757 -0.08980612900927333 0.014772535523122882
-0.012717750407428757 -0.08980612900927333 0.014772535523122882
-0.012722672308588728 -0.08979912076282046 0.014755086285860225
-0.012722672308588728 -0.08979912076282046 0.014755086285860225
-0.012716415470749864 -0.08980961025030249 0.014780135885245321
-0.012643084289931342 -0.08982631754979667 0.014760098124716098
-0.012648011301772441 -0.0898193088448302 0.01474264281122653
-0.012634871092650435 -0.08982921036436636 0.014726118794980009
-0.012634871092650435 -0.08982921036436636 0.014726118794980009
-0.0120027906716388 -0.0901994317715724 0.014113139391352392
-0.011443951275965786 -0.09035100324820744 0.014924483975374603
-0.010058829634392391 -0.09084628146206933 0.014185309260905166
-0.009098544090951302 -0.09061754682633359 0.01470751667776135
-0.007632524234718843 -0.09081467591219357 0.014549890700422174
-0.00677357191230861 -0.09022259088865113 0.014319172649338213
-0.006318057720679254 -0.08998252879883846 0.014848110533421333
-0.006318057720679254 -0.08998252879883846 0.014848110533421333
-0.006318057720679254 -0.08998252879883846 0.014848110533421333
-0.006663914868349552 -0.09035425675151754 0.015180803293269679
-0.006474469444575984 -0.09061123719104004 0.014716799415390197
-0.0069381394638402955 -0.09101717433813812 0.014999001010006313
-0.0069381394638402955 -0.09101717433813812 0.014999001010006313
-0.00728526122452286 -0.09159292409643273 0.015698534322927504
-0.007144810761294376 -0.09214976153650563 0.014657979433530144
-0.007144810761294376 -0.09214976153650563 0.014657979433530144
-0.006956876997836384 -0.0923817183444506 0.014244350897602231
-0.007954449272105937 -0.09375017337040396 0.015745100592250066
-0.008159185749365305 -0.09372101559839996 0.015770755065363268
-0.009091599075829807 -0.0950133910529764 0.017194052545079164
-0.009536504001264975 -0.09499944983345562 0.01715164831598015
-0.009536504001264975 -0.09499944983345562 0.01715164831598015
-0.010250116308569063 -0.09495241741713867 0.017132655896191507
-0.013088352468126563 -0.09843440978327185 0.0206605134131308
-0.014470238963389878 -0.09797922025359805 0.02129822213131627
-0.016587618097811896 -0.10047721068721166 0.023752131916308816
-0.018790238619008262 -0.09951900829009348 0.02519688214076904
-0.018790238619008262 -0.09951900829009348 0.02519688214076904
-0.021738666072281754 -0.09819539646727665 0.027214498082779953
-0.027093391970268402 -0.10492105507726304 0.034085665842176066
-0.027093391970268402 -0.10492105507726304 0.034085665842176066
-0.027093391970268402 -0.10492105507726304 0.034085665842176066
-0.027093391970268402 -0.10492105507726304 0.034085665842176066
-0.027093391970268402 -0.10492105507726304 0.034085665842176066
-0.027093391970268402 -0.10492105507726304 0.034085665842176066
-0.027093391970268402 -0.10492105507726304 0.034085665842176066
-0.027093391970268402 -0.10492105507726304 0.034085665842176066
-0.027093391970268402 -0.10492105507726304 0.034085665842176066
-0.027093391970268402 -0.10492105507726304 0.034085665842176066
-0.04782266556348139 -0.14230800911713765 0.08083525087916946
-0.04782266556348139 -0.14230800911713765 0.08083525087916946
-0.0529354201464238 -0.15223447893707903 0.09361053361124996
-0.0529354201464238 -0.15223447893707903 0.09361053361124996
-0.0529354201464238 -0.15223447893707903 0.09361053361124996
-0.06551828847667908 -0.14483958625392263 0.1038880082097548
-0.07563075950407505 -0.16549076641414268 0.13026387854799698
-0.07563075950407505 -0.16549076641414268 0.13026387854799698
-0.07563075950407505 -0.16549076641414268 0.13026387854799698
-0.07823968156879468 -0.16299721959403524 0.1338921974067472
-0.08833441898449154 -0.1845768271916478 0.16167771607992812
-0.09004501780742058 -0.18281860254928417 0.1641277116174669
-0.0948382801351837 -0.19352244133555555 0.17803453642441275
-0.09655691402282543 -0.19147633506521688 0.18087200202753467
-0.10092440615116494 -0.20196093468468806 0.19471815827205377
-0.10215302245365604 -0.19994056258572218 0.1975615102270449
-0.10215302245365604 -0.19994056258572218 0.1975615102270449
-0.10325326549486764 -0.19779944190589843 0.20062946852040262
-0.10325326549486764 -0.19779944190589843 0.20062946852040262
-0.10416174164927405 -0.19555939908985953 0.2038975072785955
-0.10416174164927405 -0.19555939908985953 0.2038975072785955
-0.10416174164927405 -0.19555939908985953 0.2038975072785955
-0.10416174164927405 -0.19555939908985953 0.2038975072785955
-0.10416174164927405 -0.19555939908985953 0.2038975072785955
-0.10416174164927405 -0.19555939908985953 0.2038975072785955
-0.10416174164927405 -0.19555939908985953 0.2038975072785955
-0.10416174164927405 -0.19555939908985953 0.2038975072785955
-0.10765101589240271 -0.18561929603273172 0.21862580074199112
-0.10765101589240271 -0.18561929603273172 0.21862580074199112
-0.1085787702511925 -0.1826739202065913 0.22305263996602595
-0.1085787702511925 -0.1826739202065913 0.22305263996602595
-0.10958700972595667 -0.17942326782379953 0.22796996076077874
-0.1359021459420654 -0.2618467358257262 0.33752857160406524
-0.1372882327134373 -0.2578144034939768 0.34261467978817234
-0.13942555812259527 -0.26601490420675344 0.3539123901412038
-0.14156240399179948 -0.26120679293040505 0.359742096747373
-0.1435212481422649 -0.2691629599671593 0.37068115095046217
-0.1435212481422649 -0.2691629599671593 0.37068115095046217
-0.1435212481422649 -0.2691629599671593 0.37068115095046217
-0.14905294060716315 -0.2578064083307866 0.38411035056400644
-0.14905294060716315 -0.2578064083307866 0.38411035056400644
-0.15170973770319904 -0.2515221458666944 0.3917198166344052
-0.15170973770319904 -0.2515221458666944 0.3917198166344052
-0.15481274648219698 -0.24431969489626298 0.40047106992663517
-0.158726174014303 -0.27408505163391034 0.4419733185055899
-0.162475247774404 -0.2656636583809439 0.45145901403508126
-0.162475247774404 -0.2656636583809439 0.45145901403508126
-0.16760758867933723 -0.25576063316792247 0.4624155983642504
-0.1676120577195483 -0.26913901096354864 0.48203157334258717
-0.1676120577195483 -0.26913901096354864 0.48203157334258717
-0.16696541594260045 -0.2750520461437898 0.4914536469832471
-0.16696541594260045 -0.2750520461437898 0.4914536469832471
-0.16585822221703486 -0.2802697763433035 0.5004077662249151
-0.16585822221703486 -0.2802697763433035 0.5004077662249151
-0.16585822221703486 -0.2802697763433035 0.5004077662249151
-0.16585822221703486 -0.2802697763433035 0.5004077662249151
-0.16585822221703486 -0.2802697763433035 0.5004077662249151
-0.16585822221703486 -0.2802697763433035 0.5004077662249151
-0.16585822221703486 -0.2802697763433035 0.5004077662249151
-0.16585822221703486 -0.2802697763433035 0.5004077662249151
-0.16585822221703486 -0.2802697763433035 0.5004077662249151
-0.16585822221703486 -0.2802697763433035 0.5004077662249151
-0.16585822221703486 -0.2802697763433035 0.5004077662249151
-0.16585822221703486 -0.2802697763433035 0.5004077662249151
-0.15160894451473664 -0.289573381026476 0.531065780121464
-0.15160894451473664 -0.289573381026476 0.531065780121464
-0.14859824032933464 -0.28721613937893536 0.53109259375219
-0.14859824032933464 -0.28721613937893536 0.53109259375219
-0.14859824032933464 -0.28721613937893536 0.53109259375219
-0.14859824032933464 -0.28721613937893536 0.53109259375219
-0.1424656471396697 -0.2795625348391751 0.5266911393443987
-0.1424656471396697 -0.2795625348391751 0.5266911393443987
-0.13923706431521873 -0.2743147501831118 0.5224381284043957
-0.13923706431521873 -0.2743147501831118 0.5224381284043957
-0.13618079539143563 -0.26846557859408493 0.5169887614433759
-0.13618079539143563 -0.26846557859408493 0.5169887614433759
-0.13300711462241857 -0.2618029858088122 0.5103699292900107
-0.13300711462241857 -0.2618029858088122 0.5103699292900107
-0.12960083961989788 -0.2544527097088237 0.5029372123080702
-0.12960083961989788 -0.2544527097088237 0.5029372123080702
-0.1255770061525649 -0.24609191727977597 0.494684840526267
-0.1255770061525649 -0.24609191727977597 0.494684840526267
-0.12064513143473325 -0.2368350862937047 0.4861967655459197
-0.12064513143473325 -0.2368350862937047 0.4861967655459197
-0.114466643641839 -0.22663066187358638 0.47787840759899625
-0.114466643641839 -0.22663066187358638 0.47787840759899625
-0.10732814732886325 -0.21595920265493374 0.470187223904989
-0.10732814732886325 -0.21595920265493374 0.470187223904989
-0.0992775948999284 -0.20463290659120253 0.4628211769421271
-0.0992775948999284 -0.20463290659120253 0.4628211769421271
-0.09133807672894331 -0.19352149871271573 0.455822710428275
-0.09133807672894331 -0.19352149871271573 0.455822710428275
-0.08365751481166471 -0.1825885144341181 0.44891653104314455
-0.22048068159360812 0.00718252682432835 0.6699018096319665
-0.21504028553791882 0.017894519670366482 0.6653413490028652
-0.21504028553791882 0.017894519670366482 0.6653413490028652
-0.20929602563316774 0.028890664479193126 0.6608970778883918
-0.20929602563316774 0.028890664479193126 0.6608970778883918
-0.2034376691910404 0.03963449591452789 0.6568999357113812
-0.21137506090933628 0.055179626052780206 0.6788230899777711
-0.21137506090933628 0.055179626052780206 0.6788230899777711
-0.21288318509899284 0.05979596327949832 0.6858610892244079
-0.21288318509899284 0.05979596327949832 0.6858610892244079
-0.21369468109924572 0.06385566244799036 0.6923839589585876
-0.21369468109924572 0.06385566244799036 0.6923839589585876
-0.21369468109924572 0.06385566244799036 0.6923839589585876
-0.21468501295152792 0.06747069531585692 0.6981329450872972
-0.21468501295152792 0.06747069531585692 0.6981329450872972
-0.21468501295152792 0.06747069531585692 0.6981329450872972
-0.21468501295152792 0.06747069531585692 0.6981329450872972
-0.21568935361316424 0.07338033366791116 0.7080220015720914
-0.21568935361316424 0.07338033366791116 0.7080220015720914
-0.21568935361316424 0.07338033366791116 0.7080220015720914
-0.21568935361316424 0.07338033366791116 0.7080220015720914
-0.21799891783037362 0.08207171804727566 0.7224670551194905
-0.21799891783037362 0.08207171804727566 0.7224670551194905
-0.22102530896821787 0.08906887791072542 0.7336836086265124
-0.22102530896821787 0.08906887791072542 0.7336836086265124
-0.22497835101896677 0.09697736532029419 0.7462777923979783
-0.2261481018300167 0.09922250573340746 0.7497652396534922
-0.22896168791029814 0.1050144557068061 0.7593937306873676
-0.22896168791029814 0.1050144557068061 0.7593937306873676
-0.22896168791029814 0.1050144557068061 0.7593937306873676
-0.22896168791029814 0.1050144557068061 0.7593937306873676
-0.22896168791029814 0.1050144557068061 0.7593937306873676
-0.22896168791029814 0.1050144557068061 0.7593937306873676
-0.22896168791029814 0.1050144557068061 0.7593937306873676
-0.23802738035049212 0.12945382713122056 0.8042970429187184
-0.23802738035049212 0.12945382713122056 0.8042970429187184
-0.23797405242295552 0.13288396578580652 0.8123752341970807
-0.23797405242295552 0.13288396578580652 0.8123752341970807
-0.23792259145595823 0.13596199344096055 0.819861355050895
-0.23792259145595823 0.13596199344096055 0.819861355050895
-0.23792259145595823 0.13596199344096055 0.819861355050895
-0.23792259145595823 0.13596199344096055 0.819861355050895
-0.23792259145595823 0.13596199344096055 0.819861355050895
-0.23792259145595823 0.13596199344096055 0.819861355050895
-0.23792259145595823 0.13596199344096055 0.819861355050895
-0.23792259145595823 0.13596199344096055 0.819861355050895
-0.23792259145595823 0.13596199344096055 0.819861355050895
-0.23792259145595823 0.13596199344096055 0.819861355050895
-0.23792259145595823 0.13596199344096055 0.819861355050895
-0.23792259145595823 0.13596199344096055 0.819861355050895
-0.23792259145595823 0.13596199344096055 0.819861355050895
-0.23792259145595823 0.13596199344096055 0.819861355050895
-0.23792259145595823 0.13596199344096055 0.819861355050895
-0.23792259145595823 0.13596199344096055 0.819861355050895
-0.23792259145595823 0.13596199344096055 0.819861355050895
-0.23792259145595823 0.13596199344096055 0.819861355050895
-0.23792259145595823 0.13596199344096055 0.819861355050895
-0.23792259145595823 0.13596199344096055 0.819861355050895
-0.23792259145595823 0.13596199344096055 0.819861355050895
-0.23792259145595823 0.13596199344096055 0.819861355050895
-0.23792259145595823 0.13596199344096055 0.819861355050895
-0.23792259145595823 0.13596199344096055 0.819861355050895
-0.23792259145595823 0.13596199344096055 0.819861355050895
-0.23792259145595823 0.13596199344096055 0.819861355050895
-0.23792259145595823 0.13596199344096055 0.819861355050895
-0.23792259145595823 0.13596199344096055 0.819861355050895
-0.23792259145595823 0.13596199344096055 0.819861355050895
-0.23792259145595823 0.13596199344096055 0.819861355050895
-0.23792259145595823 0.13596199344096055 0.819861355050895
-0.23792259145595823 0.13596199344096055 0.819861355050895
-0.23792259145595823 0.13596199344096055 0.819861355050895
-0.23792259145595823 0.13596199344096055 0.819861355050895
-0.23792259145595823 0.13596199344096055 0.819861355050895
-0.23792259145595823 0.13596199344096055 0.819861355050895
-0.23792259145595823 0.13596199344096055 0.819861355050895
-0.2429548665240852 -0.10221962500395712 0.9914715902251385
-0.2429548665240852 -0.10221962500395712 0.9914715902251385
-0.2429548665240852 -0.10221962500395712 0.9914715902251385
-0.2429548665240852 -0.10221962500395712 0.9914715902251385
-0.2429548665240852 -0.10221962500395712 0.9914715902251385
-0.2429548665240852 -0.10221962500395712 0.9914715902251385
-0.2429548665240852 -0.10221962500395712 0.9914715902251385
-0.2429548665240852 -0.10221962500395712 0.9914715902251385
-0.2429548665240852 -0.10221962500395712 0.9914715902251385
-0.2429548665240852 -0.10221962500395712 0.9914715902251385
-0.2429548665240852 -0.10221962500395712 0.9914715902251385
-0.2429548665240852 -0.10221962500395712 0.9914715902251385
-0.2429548665240852 -0.10221962500395712 0.9914715902251385
-0.2429548665240852 -0.10221962500395712 0.9914715902251385
-0.2429548665240852 -0.10221962500395712 0.9914715902251385
-0.2429548665240852 -0.10221962500395712 0.9914715902251385
-0.2429548665240852 -0.10221962500395712 0.9914715902251385
-0.2061458212287995 -0.14340986250666174 0.9683859457292454
-0.0945000473265387 -0.26075018563427205 0.9065237302433894
-0.0945000473265387 -0.26075018563427205 0.9065237302433894
-0.0945000473265387 -0.26075018563427205 0.9065237302433894
-0.0945000473265387 -0.26075018563427205 0.9065237302433894
-0.08582060028478623 -0.2660829441447658 0.906875357951105
-0.08582060028478623 -0.2660829441447658 0.906875357951105
-0.08297608341126123 -0.26873169574731987 0.905764242600718
-0.08297608341126123 -0.26873169574731987 0.905764242600718
-0.08023759788369658 -0.272045736100579 0.9036251905643262
-0.08023759788369658 -0.272045736100579 0.9036251905643262
-0.07730165194214296 -0.2762397029614583 0.9004466591088591
-0.07730165194214296 -0.2762397029614583 0.9004466591088591
-0.07387124210853169 -0.2813581645518053 0.8964662828155066
-0.0895889480047502 -0.30809167471603705 0.9112323002150845
-0.1302705613690654 -0.3887971309889028 0.9485449981193811
-0.1306023482195457 -0.38918525604147686 0.9486058468460579
-0.12845131747945118 -0.39556968756484434 0.9458264928653066
-0.12868659455641812 -0.39601036997322814 0.9461276096188969
-0.12569256338366974 -0.4021738353377877 0.9451397512232929
-0.12574920243458051 -0.40267319198455725 0.9458251910283001
-0.12180389323775417 -0.4084297324559556 0.9466803418327496
-0.12171027722280695 -0.40889880781786253 0.947575067765402
-0.11741241607165064 -0.413834287453983 0.9497545535333356
-0.11741241607165064 -0.413834287453983 0.9497545535333356
-0.11741241607165064 -0.413834287453983 0.9497545535333356
-0.11741241607165064 -0.413834287453983 0.9497545535333356
-0.1117618339837071 -0.41750656943029224 0.9509825917109136
-0.11147719228405079 -0.4185152423326559 0.9531028641703031
-0.11055768133537058 -0.4214981147848901 0.9597993181441122
-0.11051900813729222 -0.42180910377602093 0.9603817355936892
-0.11047499448909037 -0.4209160354383843 0.9640113040011975
-0.11002079905326456 -0.4219755035630837 0.9665094921452201
-0.11082521574433321 -0.41900463822168943 0.9693520294693083
-0.11082521574433321 -0.41900463822168943 0.9693520294693083
-0.11259830206281075 -0.41455074907615896 0.9730647708278375
-0.11259830206281075 -0.41455074907615896 0.9730647708278375
-0.11259830206281075 -0.41455074907615896 0.9730647708278375
-0.11259830206281075 -0.41455074907615896 0.9730647708278375
-0.12000004337477291 -0.400569074590342 0.9829272941931725
-0.11869901283720499 -0.40084135986977465 0.985582861792275
-0.12054918683874681 -0.3916929173436361 0.9982011210144014
-0.1200543868948021 -0.39147178805354865 0.9987348604966625
-0.12487468030371673 -0.3797820002138617 1.0064309742628272
-0.12487468030371673 -0.3797820002138617 1.0064309742628272
-0.13193329621507108 -0.3685266640052344 1.0132135277836471
-0.13193329621507108 -0.3685266640052344 1.0132135277836471
-0.13193329621507108 -0.3685266640052344 1.0132135277836471
-0.1294680888668084 -0.3663726119321187 1.014473844444367
-0.12207913718989524 -0.35918466694853773 1.0171472859199238
-0.12207913718989524 -0.35918466694853773 1.0171472859199238
-0.12207913718989524 -0.35918466694853773 1.0171472859199238
-0.12207913718989524 -0.35918466694853773 1.0171472859199238
-0.12207913718989524 -0.35918466694853773 1.0171472859199238
-0.12207913718989524 -0.35918466694853773 1.0171472859199238
-0.12207913718989524 -0.35918466694853773 1.0171472859199238
-0.12207913718989524 -0.35918466694853773 1.0171472859199238
-0.12207913718989524 -0.35918466694853773 1.0171472859199238
-0.12207913718989524 -0.35918466694853773 1.0171472859199238
-0.12207913718989524 -0.35918466694853773 1.0171472859199238
-0.12207913718989524 -0.35918466694853773 1.0171472859199238
-0.12207913718989524 -0.35918466694853773 1.0171472859199238
-0.12207913718989524 -0.35918466694853773 1.0171472859199238
-0.12207913718989524 -0.35918466694853773 1.0171472859199238
-0.12207913718989524 -0.35918466694853773 1.0171472859199238
-0.12207913718989524 -0.35918466694853773 1.0171472859199238
-0.12207913718989524 -0.35918466694853773 1.0171472859199238
-0.12207913718989524 -0.35918466694853773 1.0171472859199238
-0.12207913718989524 -0.35918466694853773 1.0171472859199238
-0.12207913718989524 -0.35918466694853773 1.0171472859199238
-0.12207913718989524 -0.35918466694853773 1.0171472859199238
-0.12207913718989524 -0.35918466694853773 1.0171472859199238
-0.12207913718989524 -0.35918466694853773 1.0171472859199238
-0.12207913718989524 -0.35918466694853773 1.0171472859199238
-0.12207913718989524 -0.35918466694853773 1.0171472859199238
-0.12207913718989524 -0.35918466694853773 1.0171472859199238
-0.12207913718989524 -0.35918466694853773 1.0171472859199238
-0.12207913718989524 -0.35918466694853773 1.0171472859199238
-0.12207913718989524 -0.35918466694853773 1.0171472859199238
-0.12207913718989524 -0.35918466694853773 1.0171472859199238
-0.12207913718989524 -0.35918466694853773 1.0171472859199238
-0.12207913718989524 -0.35918466694853773 1.0171472859199238
-0.12207913718989524 -0.35918466694853773 1.0171472859199238
-0.12207913718989524 -0.35918466694853773 1.0171472859199238
-0.12207913718989524 -0.35918466694853773 1.0171472859199238
-0.12207913718989524 -0.35918466694853773 1.0171472859199238
-0.12207913718989524 -0.35918466694853773 1.0171472859199238
-0.12207913718989524 -0.35918466694853773 1.0171472859199238
-0.12207913718989524 -0.35918466694853773 1.0171472859199238
-0.12207913718989524 -0.35918466694853773 1.0171472859199238
-0.12207913718989524 -0.35918466694853773 1.0171472859199238
-0.12207913718989524 -0.35918466694853773 1.0171472859199238
-0.12207913718989524 -0.35918466694853773 1.0171472859199238
-0.12207913718989524 -0.35918466694853773 1.0171472859199238
-0.0915594217466365 -0.2908064552829026 0.9713786432185851
0.004116440385805276 -0.08405843002855837 0.8402546886552607
0.004116440385805276 -0.08405843002855837 0.8402546886552607
0.004116440385805276 -0.08405843002855837 0.8402546886552607
0.004116440385805276 -0.08405843002855837 0.8402546886552607
0.004116440385805276 -0.08405843002855837 0.8402546886552607
0.008338163459440093 -0.07271487613687386 0.8318427799491508
0.020983695489617857 -0.03932894801471741 0.8072134843187466
0.020983695489617857 -0.03932894801471741 0.8072134843187466
0.020983695489617857 -0.03932894801471741 0.8072134843187466
0.023735278335533752 -0.03133932600442217 0.8011390861492843
0.03200094883626298 -0.008138039371357403 0.7836742362754516
0.03200094883626298 -0.008138039371357403 0.7836742362754516
0.03200094883626298 -0.008138039371357403 0.7836742362754516
0.03200094883626298 -0.008138039371357403 0.7836742362754516
0.03200094883626298 -0.008138039371357403 0.7836742362754516
0.03200094883626298 -0.008138039371357403 0.7836742362754516
0.03200094883626298 -0.008138039371357403 0.7836742362754516
-0.15895751511770906 0.092475689315921 0.8313654440743263
-0.15895751511770906 0.092475689315921 0.8313654440743263
-0.15895751511770906 0.092475689315921 0.8313654440743263
-0.15895751511770906 0.092475689315921 0.8313654440743263
-0.15895751511770906 0.092475689315921 0.8313654440743263
-0.15895751511770906 0.092475689315921 0.8313654440743263
-0.1470084437326922 0.07705797240195034 0.8116795499025515
-0.1470084437326922 0.07705797240195034 0.8116795499025515
-0.1470084437326922 0.07705797240195034 0.8116795499025515
-0.1470084437326922 0.07705797240195034 0.8116795499025515
-0.1360071899142378 0.06520118958645792 0.7978128145630374
-0.1360071899142378 0.06520118958645792 0.7978128145630374
-0.13037280620335845 0.05922163439798386 0.7909220425522607
-0.13037280620335845 0.05922163439798386 0.7909220425522607
-0.12537317775312037 0.05382972261636711 0.7847020169358253
-0.12537317775312037 0.05382972261636711 0.7847020169358253
-0.12162387222662448 0.049596015186149686 0.7797456708527641
-0.12162387222662448 0.049596015186149686 0.7797456708527641
-0.11921988832074709 0.04658737101204746 0.7761032470337018
-0.11921988832074709 0.04658737101204746 0.7761032470337018
-0.11764664028910679 0.04412634636937883 0.7729458637438311
-0.11764664028910679 0.04412634636937883 0.7729458637438311
-0.11645386815190338 0.04162979598967867 0.7695837053597683
-0.11645386815190338 0.04162979598967867 0.7695837053597683
-0.11569880249594999 0.03904598279761792 0.7659116051238365
-0.11569880249594999 0.03904598279761792 0.7659116051238365
-0.11589861172460524 0.03652331028511106 0.7619701053312024
-0.11589861172460524 0.03652331028511106 0.7619701053312024
-0.11555472580219614 0.0329347344213905 0.7567118308296297
-0.11555472580219614 0.0329347344213905 0.7567118308296297
-0.11555472580219614 0.0329347344213905 0.7567118308296297
-0.11555472580219614 0.0329347344213905 0.7567118308296297
-0.11555472580219614 0.0329347344213905 0.7567118308296297
-0.11555472580219614 0.0329347344213905 0.7567118308296297
-0.11555472580219614 0.0329347344213905 0.7567118308296297
-0.11555472580219614 0.0329347344213905 0.7567118308296297
-0.11555472580219614 0.0329347344213905 0.7567118308296297
-0.11555472580219614 0.0329347344213905 0.7567118308296297
-0.11393027003749077 0.02564672031860149 0.7471621045476222
-0.10771330355173912 0.0028267227902828984 0.7173825283708792
-0.10713167185837816 0.00039429537953646066 0.7144209609399406
-0.10526580591118967 -0.006593845426100545 0.7059083228590197
-0.10234430425318986 -0.016873150684875104 0.6938280600425085
-0.10234430425318986 -0.016873150684875104 0.6938280600425085
-0.10234430425318986 -0.016873150684875104 0.6938280600425085
-0.10234430425318986 -0.016873150684875104 0.6938280600425085
-0.10234430425318986 -0.016873150684875104 0.6938280600425085
-0.10234430425318986 -0.016873150684875104 0.6938280600425085
-0.10234430425318986 -0.016873150684875104 0.6938280600425085
-0.10234430425318986 -0.016873150684875104 0.6938280600425085
-0.10234430425318986 -0.016873150684875104 0.6938280600425085
-0.10234430425318986 -0.016873150684875104 0.6938280600425085
-0.10234430425318986 -0.016873150684875104 0.6938280600425085
-0.10234430425318986 -0.016873150684875104 0.6938280600425085
-0.10234430425318986 -0.016873150684875104 0.6938280600425085
-0.10234430425318986 -0.016873150684875104 0.6938280600425085
-0.10234430425318986 -0.016873150684875104 0.6938280600425085
-0.10234430425318986 -0.016873150684875104 0.6938280600425085
-0.11613257668632382 0.02006567682998152 0.6351465130926033
-0.1604216062527001 0.12064410010472719 0.4620269488667817
-0.1623043555280665 0.11665984236036625 0.4645685323715859
-0.16757162998514122 0.10616460078688766 0.4710450714566381
-0.11190600293879921 0.012836551563865248 0.31360656365837203
-0.11776844813633439 0.0018949377855957544 0.32228021430354015
-0.11979465696358187 -0.002240023982532688 0.3258530900444304
-0.12535756614546817 -0.013109566795975636 0.3347372852166359
-0.12723244901362377 -0.0170916000254666 0.33825261146659025
-0.1324828707552854 -0.027697370600036866 0.34709946181339935
-0.13419814012913234 -0.031479894034980985 0.3505005948909611
-0.13899340529915344 -0.04167893243705928 0.35924710106342206
-0.1405719007384198 -0.045252947620658804 0.36250003904584427
-0.1450672798239262 -0.055039039163013906 0.37099354968673737
-0.14651806104406742 -0.058381837843170845 0.37405974727629937
-0.15065542292335013 -0.06750518670638161 0.38202828964066327
-0.15199251033634867 -0.07053932942826578 0.3847947952598174
-0.15577329275426985 -0.07900934131613349 0.39224703017602747
-0.1570303357463146 -0.08177820143588663 0.3947409989916488
-0.16063283804769674 -0.08968107133010955 0.4016308863042615
-0.16178013434250668 -0.09224913925214534 0.40396103382263515
-0.1650866227752157 -0.09953912298198805 0.4103314368248734
-0.1650866227752157 -0.09953912298198805 0.4103314368248734
-0.1650866227752157 -0.09953912298198805 0.4103314368248734
-0.16727345489784592 -0.10441906083981328 0.4147562256284377
-0.17375780545664224 -0.11891967827480726 0.4275146177330056
-0.17483243696335599 -0.12131626089058721 0.4296884057997792
-0.17796868162640028 -0.1284682067831656 0.4360361824363155
-0.17796868162640028 -0.1284682067831656 0.4360361824363155
-0.17796868162640028 -0.1284682067831656 0.4360361824363155
-0.1801752426762416 -0.13332947429842507 0.44042602060050234
-0.18675828621048965 -0.14799559656168032 0.45332757527288114
-0.18788460650649896 -0.1504308878503111 0.45551105311216217
-0.19113704654727356 -0.15775734963006904 0.4619897872003562
-0.19226452342036604 -0.16030297618911876 0.46431410074769464
-0.19561825340559086 -0.16801967700110426 0.47120327626493796
-0.19677542795682712 -0.17069261329309038 0.47366629588527454
-0.20013758038150647 -0.17869609149569354 0.4809098620887837
-0.20130343146086446 -0.18147292951857097 0.4834985547268401
-0.20463253228160871 -0.18986467032112653 0.4912575485307301
-0.2057869177899482 -0.19285394604323314 0.49412572434169966
-0.20915566109611824 -0.2017830462286524 0.5025250522434465
-0.21027282569508834 -0.20497045521041918 0.5056751627593195
-0.21356547349258978 -0.21440105155499056 0.5147687740011528
-0.2146568232216594 -0.21765478537654165 0.5180245268400396
-0.2179143183650507 -0.22733849875154544 0.5274664948454175
-0.21901463013684663 -0.23050812185951736 0.5306082893331103
-0.2221841241408005 -0.2399405728130034 0.5398117612232144
-0.223207221481321 -0.24288061870555128 0.54272422402058
-0.22609392749866525 -0.25188230574506476 0.5516223323283985
-0.22708508938445798 -0.25460186921242406 0.5542798488820146
-0.2797880852969438 -0.2212617480224897 0.5933807416406126
-0.2805171910785389 -0.22361152943750148 0.5954601249431652
-0.27797086835670937 -0.23715065243656863 0.5983544504113021
-0.2785796513083226 -0.2391256777374991 0.6001411620214776
-0.2750251015955203 -0.25298663057686704 0.6021245012720223
-0.2754604834343371 -0.2547595887042338 0.6038569457231476
-0.27034233286901854 -0.2686015828599528 0.6048228618888513
-0.27034233286901854 -0.2686015828599528 0.6048228618888513
-0.2633121996546181 -0.2765203747040075 0.5986457805646053
-0.2633121996546181 -0.2765203747040075 0.5986457805646053
-0.2567242638731533 -0.284233686734389 0.5925313533754609
-0.2567242638731533 -0.284233686734389 0.5925313533754609
-0.25115412404403686 -0.2908430429494426 0.5872626753007196
-0.25115412404403686 -0.2908430429494426 0.5872626753007196
-0.24717542809826065 -0.29572679863386225 0.5833142328355447
-0.24717542809826065 -0.29572679863386225 0.5833142328355447
-0.24439672023795644 -0.2993894636268555 0.5802751166711182
-0.24439672023795644 -0.2993894636268555 0.5802751166711182
-0.24439672023795644 -0.2993894636268555 0.5802751166711182
-0.24392685637982336 -0.3001088861105233 0.5796596076169984
-0.24171213899973742 -0.3029245365061724 0.5773441825067762
-0.23854219224712814 -0.30699293021083873 0.5740021466163161
-0.23854219224712814 -0.30699293021083873 0.5740021466163161
-0.23773640329794538 -0.3080149669578347 0.5731781150804565
-0.23506384303051087 -0.31124563612162803 0.5705747126627811
-0.23506384303051087 -0.31124563612162803 0.5705747126627811
-0.23506384303051087 -0.31124563612162803 0.5705747126627811
-0.23506384303051087 -0.31124563612162803 0.5705747126627811
-0.23506384303051087 -0.31124563612162803 0.5705747126627811
-0.22718802608077276 -0.32136479451582556 0.5622678820706057
-0.2251407217459671 -0.32368965224112906 0.5604605622252915
-0.2251407217459671 -0.32368965224112906 0.5604605622252915
-0.2231062944618883 -0.3253235155409536 0.5594293139106541
-0.2231062944618883 -0.3253235155409536 0.5594293139106541
-0.22214813953452486 -0.3249148848825379 0.5602774272461886
-0.22214813953452486 -0.3249148848825379 0.5602774272461886
-0.22214813953452486 -0.3249148848825379 0.5602774272461886
-0.22214813953452486 -0.3249148848825379 0.5602774272461886
-0.22531693941301414 -0.31853919773268946 0.566231496329014
-0.22531693941301414 -0.31853919773268946 0.566231496329014
-0.2284509756821168 -0.31464853706585755 0.569374722383752
-0.2504288705939829 -0.38547731427264315 0.645597227439354
-0.2532974828409236 -0.38188650256332474 0.6479736793108932
-0.2532974828409236 -0.38188650256332474 0.6479736793108932
-0.2555317547454389 -0.37922094041196974 0.6496925176440392
-0.2555317547454389 -0.37922094041196974 0.6496925176440392
-0.25692680792005074 -0.3775591326069916 0.650761900092288
-0.2589252593816106 -0.38164901784246663 0.6544515041381891
-0.2595689991292646 -0.38045277202156813 0.6553540471275479
-0.2595689991292646 -0.38045277202156813 0.6553540471275479
-0.2599073644920009 -0.3791854165693839 0.6564491905252345
-0.2599073644920009 -0.3791854165693839 0.6564491905252345
-0.2599073644920009 -0.3791854165693839 0.6564491905252345
-0.2599073644920009 -0.3791854165693839 0.6564491905252345
-0.26079936485804933 -0.3752428354550295 0.6599567894442374
-0.2605276514633358 -0.3817405007105664 0.6687896877107252
-0.2605276514633358 -0.3817405007105664 0.6687896877107252
-0.2605276514633358 -0.3817405007105664 0.6687896877107252
-0.2605276514633358 -0.3817405007105664 0.6687896877107252
-0.2605276514633358 -0.3817405007105664 0.6687896877107252
-0.2605276514633358 -0.3817405007105664 0.6687896877107252
-0.2606500125329711 -0.3868192336191469 0.675421351440652
-0.2606500125329711 -0.3868192336191469 0.675421351440652
-0.2608919488399123 -0.3873173950619817 0.6758546526170774
-0.2608919488399123 -0.3873173950619817 0.6758546526170774
-0.2610721305661903 -0.38754487278365396 0.6759872279548508
-0.2610721305661903 -0.38754487278365396 0.6759872279548508
-0.261143655774597 -0.38740528070832875 0.6757337681743332
-0.261143655774597 -0.38740528070832875 0.6757337681743332
-0.2608729645134996 -0.3867948955772765 0.6751821820334264
-0.2608729645134996 -0.3867948955772765 0.6751821820334264
-0.2602839348123992 -0.38583095705439296 0.6744626796001002
-0.2602839348123992 -0.38583095705439296 0.6744626796001002
-0.2602839348123992 -0.38583095705439296 0.6744626796001002
-0.2602839348123992 -0.38583095705439296 0.6744626796001002
-0.2580061869318737 -0.3829649060884287 0.6728318446669539
-0.2580061869318737 -0.3829649060884287 0.6728318446669539
-0.2580061869318737 -0.3829649060884287 0.6728318446669539
-0.2580061869318737 -0.3829649060884287 0.6728318446669539
-0.2541442050799799 -0.3790518266560871 0.6713644467883669
-0.2541442050799799 -0.3790518266560871 0.6713644467883669
-0.25178194544597626 -0.3770917003620773 0.6710764525247026
-0.25178194544597626 -0.3770917003620773 0.6710764525247026
-0.24919467971883316 -0.37521973397310304 0.6711618478804412
-0.24919467971883316 -0.37521973397310304 0.6711618478804412
-0.24615576411693402 -0.37317965353077853 0.6715211627830049
-0.24615576411693402 -0.37317965353077853 0.6715211627830049
-0.24279737733268314 -0.37070550908745203 0.6716769568925969
-0.24279737733268314 -0.37070550908745203 0.6716769568925969
-0.2392455826210032 -0.36822677703317785 0.6720952722430712
-0.2392455826210032 -0.36822677703317785 0.6720952722430712
-0.2392455826210032 -0.36822677703317785 0.6720952722430712
-0.2392455826210032 -0.36822677703317785 0.6720952722430712
-0.2392455826210032 -0.36822677703317785 0.6720952722430712
-0.2392455826210032 -0.36822677703317785 0.6720952722430712
-0.22846611994085797 -0.3610060141875103 0.6742186482073603
-0.22846611994085797 -0.3610060141875103 0.6742186482073603
-0.2257636527689486 -0.35854770455679114 0.6739263706861693
-0.2257636527689486 -0.35854770455679114 0.6739263706861693
-0.22399916801118577 -0.3560396636240223 0.6724603084744496
-0.22399916801118577 -0.3560396636240223 0.6724603084744496
-0.22273710535194802 -0.3527913794000612 0.6693466892593251
-0.29386168257764667 -0.21660410461861196 0.7778842066417126
-0.2930482759873562 -0.21233738851084014 0.7745341655968685
-0.29064331904718044 -0.21581422789879087 0.7719716498633362
-0.28954065755469427 -0.2107751615832254 0.768112996129692
-0.2880154814175182 -0.21280744859321002 0.7666548507910997
-0.2863018602172946 -0.20697910321018514 0.7625955103940609
-0.28548109659331544 -0.20764542664584684 0.7622689114949249
-0.2833797212377235 -0.20147280360768766 0.7582386259460814
-0.28349707567429017 -0.201018952110458 0.7586874197191259
-0.281318522757546 -0.19401145252560648 0.753918533775451
-0.28252289763638794 -0.19287155870191727 0.7546160090308123
-0.28252289763638794 -0.19287155870191727 0.7546160090308123
-0.28440090861524353 -0.19154812960199807 0.7551987190637461
-0.28440090861524353 -0.19154812960199807 0.7551987190637461
-0.2861402318021121 -0.1905758876886507 0.7554625621021469
-0.2861402318021121 -0.1905758876886507 0.7554625621021469
-0.2876074045041621 -0.1897942164639999 0.7556471646804457
-0.2876074045041621 -0.1897942164639999 0.7556471646804457
-0.2892510734291636 -0.188894971494047 0.755881690187831
-0.2892510734291636 -0.188894971494047 0.755881690187831
-0.2914129480444593 -0.18786459720940052 0.7560297347669036
-0.2914129480444593 -0.18786459720940052 0.7560297347669036
-0.2914129480444593 -0.18786459720940052 0.7560297347669036
-0.2914129480444593 -0.18786459720940052 0.7560297347669036
-0.29721913821875917 -0.18442074627418703 0.7572001217410173
-0.29721913821875917 -0.18442074627418703 0.7572001217410173
-0.2999886872501589 -0.18197317414140762 0.7586495184498476
-0.2999886872501589 -0.18197317414140762 0.7586495184498476
-0.2999886872501589 -0.18197317414140762 0.7586495184498476
-0.2999886872501589 -0.18197317414140762 0.7586495184498476
-0.30327225133479696 -0.1765782071862043 0.7630869948071728
-0.30327225133479696 -0.1765782071862043 0.7630869948071728
-0.3033373192129718 -0.17531107932425105 0.7644470043938043
-0.3033373192129718 -0.17531107932425105 0.7644470043938043
-0.3018889794191503 -0.17581345848353502 0.764550505918794
-0.26558962336308156 -0.018478973820984138 0.6529633945675886
-0.2625340773608771 -0.01988750708196825 0.6521258406277585
-0.2576340783152011 -0.005962316434319562 0.6438016251410522
-0.25449550556872447 -0.007130549999819116 0.6432856599122921
-0.25449550556872447 -0.007130549999819116 0.6432856599122921
-0.2528411638478607 -0.007006397657349145 0.6441193829968416
-0.2528411638478607 -0.007006397657349145 0.6441193829968416
-0.25286823431293165 -0.005723040250346631 0.6460214396527081
-0.24202585107955027 0.023224574492759886 0.6293069001313183
-0.24284083633521272 0.024782842357282953 0.6314234286394105
-0.24284083633521272 0.024782842357282953 0.6314234286394105
-0.24284083633521272 0.024782842357282953 0.6314234286394105
-0.2379610576669369 0.03864986587866702 0.6232004091379699
-0.23692269065172847 0.038858105067172966 0.6239239011651732
-0.23692269065172847 0.038858105067172966 0.6239239011651732
-0.23414580751740394 0.03667849217082335 0.6214861421988951
-0.23414580751740394 0.03667849217082335 0.6214861421988951
-0.23085730897621454 0.034137675934013345 0.6186611247685773
-0.22523448637215007 0.051323802746028505 0.6078375169404059
-0.22523448637215007 0.051323802746028505 0.6078375169404059
-0.2231266529475419 0.04993918948397026 0.6063293673968139
-0.2231266529475419 0.04993918948397026 0.6063293673968139
-0.22276332377701835 0.04985428833366867 0.6063226426900248
-0.22276332377701835 0.04985428833366867 0.6063226426900248
-0.22360177569678674 0.050512049888783675 0.6070969374971527
-0.22360177569678674 0.050512049888783675 0.6070969374971527
-0.22441863611140836 0.051005336117970757 0.6076083644259032
-0.22441863611140836 0.051005336117970757 0.6076083644259032
-0.22500049201314415 0.051148527189388365 0.6076308279431006
-0.22500049201314415 0.051148527189388365 0.6076308279431006
-0.22500049201314415 0.051148527189388365 0.6076308279431006
-0.22500049201314415 0.051148527189388365 0.6076308279431006
-0.22694763641824478 0.050618019721203444 0.6060655440041067
-0.22694763641824478 0.050618019721203444 0.6060655440041067
-0.22814567590487275 0.049501086692842755 0.6038413600713048
-0.22814567590487275 0.049501086692842755 0.6038413600713048
-0.2288758713820416 0.04774637441299934 0.6007818735431922
-0.2288758713820416 0.04774637441299934 0.6007818735431922
-0.2288758713820416 0.04774637441299934 0.6007818735431922
-0.2288758713820416 0.04774637441299934 0.6007818735431922
-0.2288758713820416 0.04774637441299934 0.6007818735431922
-0.2288758713820416 0.04774637441299934 0.6007818735431922
-0.2288758713820416 0.04774637441299934 0.6007818735431922
-0.2288758713820416 0.04774637441299934 0.6007818735431922
-0.2288758713820416 0.04774637441299934 0.6007818735431922
-0.2288758713820416 0.04774637441299934 0.6007818735431922
-0.23106442684051895 0.1464969746522768 0.5066962821158851
-0.23106442684051895 0.1464969746522768 0.5066962821158851
-0.23705497353899763 0.14341979353900997 0.5049230138537216
-0.23705497353899763 0.14341979353900997 0.5049230138537216
-0.23705497353899763 0.14341979353900997 0.5049230138537216
-0.23705497353899763 0.14341979353900997 0.5049230138537216
-0.23705497353899763 0.14341979353900997 0.5049230138537216
-0.23705497353899763 0.14341979353900997 0.5049230138537216
-0.2671258207692069 0.1295801958016517 0.47036753145965843
-0.2671258207692069 0.1295801958016517 0.47036753145965843
-0.2720061009823138 0.1312989539517079 0.4727141778273468
-0.2720061009823138 0.1312989539517079 0.4727141778273468
-0.2720061009823138 0.1312989539517079 0.4727141778273468
-0.2720061009823138 0.1312989539517079 0.4727141778273468
-0.28258028801240287 0.1385208975194065 0.48404985299764164
-0.3021775658339464 0.10074149049635352 0.5017633157404491
-0.3021775658339464 0.10074149049635352 0.5017633157404491
-0.303685420855067 0.095801584661772 0.5050316335608805
-0.303685420855067 0.095801584661772 0.5050316335608805
-0.303685420855067 0.095801584661772 0.5050316335608805
-0.303685420855067 0.095801584661772 0.5050316335608805
-0.30694778338534695 0.07867793707731367 0.517910742868603
-0.30694778338534695 0.07867793707731367 0.517910742868603
-0.3083296336285395 0.07078953863207882 0.5239402930196577
-0.3083296336285395 0.07078953863207882 0.5239402930196577
-0.30950733099835814 0.06325123892881915 0.5298166353260394
-0.30950733099835814 0.06325123892881915 0.5298166353260394
-0.3105483258805141 0.055634811708176385 0.5358766418008486
-0.3105483258805141 0.055634811708176385 0.5358766418008486
-0.3105483258805141 0.055634811708176385 0.5358766418008486
-0.3105483258805141 0.055634811708176385 0.5358766418008486
-0.31340190190306605 0.04014817766915252 0.5475879373663636
-0.33513607514211385 0.06373605443267866 0.5783041078525479
-0.337033886100783 0.05565664951437689 0.5836259540285513
-0.33722388300725253 0.055037421304049025 0.5826139765554229
-0.33947103067404094 0.046618490076814914 0.5879562578269923
-0.33947103067404094 0.046618490076814914 0.5879562578269923
-0.34173037992185534 0.03776170694495953 0.5936639173436595
-0.34173037992185534 0.03776170694495953 0.5936639173436595
-0.3437046737787716 0.02907644236732583 0.5994528082843058
-0.3437046737787716 0.02907644236732583 0.5994528082843058
-0.3454467921358384 0.02065111014185597 0.6052055949125601
-0.3454467921358384 0.02065111014185597 0.6052055949125601
-0.34706565802008965 0.012187064573016354 0.6110880662537349
-0.34706565802008965 0.012187064573016354 0.6110880662537349
-0.3486268646503304 0.003534597496518105 0.6171745925754404
-0.3486268646503304 0.003534597496518105 0.6171745925754404
-0.3503401746277953 -0.0056483018426559395 0.6235909626138771
-0.3503401746277953 -0.0056483018426559395 0.6235909626138771
-0.35212194531237584 -0.014981814441492824 0.6300811241674369
-0.35212194531237584 -0.014981814441492824 0.6300811241674369
-0.3538322019564011 -0.024566089607121547 0.6368391336935391
-0.3538322019564011 -0.024566089607121547 0.6368391336935391
-0.355457674228553 -0.03387972198840834 0.6434349190640603
-0.355457674228553 -0.03387972198840834 0.6434349190640603
-0.3569597426974214 -0.043061442060313274 0.6500169715199687
-0.3569597426974214 -0.043061442060313274 0.6500169715199687
-0.3585287729750778 -0.05238439823603276 0.6566651475109364
-0.3585287729750778 -0.05238439823603276 0.6566651475109364
-0.3600924549901195 -0.061839661551056246 0.6634303212511852
-0.3600924549901195 -0.061839661551056246 0.6634303212511852
-0.3600924549901195 -0.061839661551056246 0.6634303212511852
-0.3600924549901195 -0.061839661551056246 0.6634303212511852
-0.3600924549901195 -0.061839661551056246 0.6634303212511852
-0.3600924549901195 -0.061839661551056246 0.6634303212511852
-0.3600924549901195 -0.061839661551056246 0.6634303212511852
-0.3600924549901195 -0.061839661551056246 0.6634303212511852
-0.3600924549901195 -0.061839661551056246 0.6634303212511852
-0.3600924549901195 -0.061839661551056246 0.6634303212511852
-0.3600924549901195 -0.061839661551056246 0.6634303212511852
-0.3600924549901195 -0.061839661551056246 0.6634303212511852
-0.36998900146395286 -0.11960728314520269 0.7044954918567746
-0.36998900146395286 -0.11960728314520269 0.7044954918567746
-0.3716781478133716 -0.12889732882874919 0.7110220587231534
-0.3716781478133716 -0.12889732882874919 0.7110220587231534
-0.37322035607450166 -0.13823843821737875 0.7177090075869448
-0.37322035607450166 -0.13823843821737875 0.7177090075869448
-0.37471348556287987 -0.1478279238518654 0.7246447170201462
-0.3303761506452398 -0.2072713317577947 0.676762767153803
-0.33217119430873326 -0.217172707515076 0.6850760854648826
-0.3264997400615841 -0.22373262648959183 0.6802345385197501
-0.3264997400615841 -0.22373262648959183 0.6802345385197501
-0.3199604887262906 -0.2310666983918117 0.6749012896167977
-0.3229730396552503 -0.25081763025943543 0.6926637708543575
-0.3155421791504056 -0.25939916890313724 0.6866890008139973
-0.3168313899731912 -0.26794472517377665 0.6945826409440676
-0.3087499817935996 -0.2777286200013305 0.6877905344654234
-0.31007219431222793 -0.2847555515266901 0.6942317128710276
-0.31007219431222793 -0.2847555515266901 0.6942317128710276
-0.31007219431222793 -0.2847555515266901 0.6942317128710276
-0.31007219431222793 -0.2847555515266901 0.6942317128710276
-0.31007219431222793 -0.2847555515266901 0.6942317128710276
-0.2851517123758717 -0.318863447803017 0.6697209296482374
-0.2851517123758717 -0.318863447803017 0.6697209296482374
-0.2851517123758717 -0.318863447803017 0.6697209296482374
-0.2851517123758717 -0.318863447803017 0.6697209296482374
-0.2851517123758717 -0.318863447803017 0.6697209296482374
-0.2851517123758717 -0.318863447803017 0.6697209296482374
-0.25726950675185845 -0.3590279373296566 0.6402536569763151
-0.25726950675185845 -0.3590279373296566 0.6402536569763151
-0.2482240656031498 -0.37208283662718866 0.6306651093325051
-0.2482240656031498 -0.37208283662718866 0.6306651093325051
-0.2482240656031498 -0.37208283662718866 0.6306651093325051
-0.2482240656031498 -0.37208283662718866 0.6306651093325051
-0.2482240656031498 -0.37208283662718866 0.6306651093325051
-0.2482240656031498 -0.37208283662718866 0.6306651093325051
-0.2482240656031498 -0.37208283662718866 0.6306651093325051
-0.2482240656031498 -0.37208283662718866 0.6306651093325051
-0.2482240656031498 -0.37208283662718866 0.6306651093325051
-0.2482240656031498 -0.37208283662718866 0.6306651093325051
-0.2482240656031498 -0.37208283662718866 0.6306651093325051
-0.2482240656031498 -0.37208283662718866 0.6306651093325051
-0.2482240656031498 -0.37208283662718866 0.6306651093325051
-0.2482240656031498 -0.37208283662718866 0.6306651093325051
-0.2482240656031498 -0.37208283662718866 0.6306651093325051
-0.2482240656031498 -0.37208283662718866 0.6306651093325051
-0.2482240656031498 -0.37208283662718866 0.6306651093325051
-0.2482240656031498 -0.37208283662718866 0.6306651093325051
-0.2482240656031498 -0.37208283662718866 0.6306651093325051
-0.2482240656031498 -0.37208283662718866 0.6306651093325051
-0.2482240656031498 -0.37208283662718866 0.6306651093325051
-0.2482240656031498 -0.37208283662718866 0.6306651093325051
-0.2482240656031498 -0.37208283662718866 0.6306651093325051
-0.2482240656031498 -0.37208283662718866 0.6306651093325051
-0.2083809509951307 -0.45246040405044363 0.5659346587446703
-0.2083809509951307 -0.45246040405044363 0.5659346587446703
-0.2064983249319615 -0.45551601506998324 0.5636210485662081
-0.2064983249319615 -0.45551601506998324 0.5636210485662081
-0.2064983249319615 -0.45551601506998324 0.5636210485662081
-0.2064983249319615 -0.45551601506998324 0.5636210485662081
-0.2046537701970568 -0.45960812597052714 0.560318071445484
-0.2046537701970568 -0.45960812597052714 0.560318071445484
-0.2041415544147168 -0.46154119558404416 0.5586463416116658
-0.2041415544147168 -0.46154119558404416 0.5586463416116658
-0.2031542770094862 -0.46448581185560495 0.5561667704042319
-0.2031542770094862 -0.46448581185560495 0.5561667704042319
-0.20091439655946933 -0.46902477829066447 0.5525675866518163
-0.20215457709570117 -0.43669329194979895 0.4939226963926581
-0.19779337350733872 -0.44323429238620216 0.4885661146409814
-0.1946839959700638 -0.4380144427150682 0.48241269461600195
-0.1883559138043247 -0.44613152570160003 0.47598828580419406
-0.18454026571039156 -0.44117342710020313 0.4707957358360039
-0.17686372120431848 -0.4494784503674106 0.46454573740243965
-0.17686372120431848 -0.4494784503674106 0.46454573740243965
-0.16928419394907712 -0.4567692499926133 0.4593670029320225
-0.16324490044013346 -0.4516939370772927 0.45587119412265314
-0.15632491210918212 -0.4578498879963551 0.4516117570951905
-0.15469433698659685 -0.4582528230075862 0.4541090669495725
-0.15469433698659685 -0.4582528230075862 0.4541090669495725
-0.15389339486795955 -0.460257558696181 0.45888237088834855
-0.1421078640612966 -0.46918689135055325 0.45339342236007035
-0.1421078640612966 -0.46918689135055325 0.45339342236007035
-0.13704740583053404 -0.47245825139061953 0.4516934352474222
-0.13704740583053404 -0.47245825139061953 0.4516934352474222
-0.13242432428369866 -0.4754198012841125 0.4501997084574203
-0.1324717103288302 -0.48471026639786435 0.46911412560682164
-0.12821783669424947 -0.4872436812191315 0.4679986673236468
-0.12821783669424947 -0.4872436812191315 0.4679986673236468
-0.12466446390477855 -0.48909831679838794 0.46737401614940477
-0.12687802361431555 -0.4975845942155658 0.4826487918209511
-0.12402579890067975 -0.49865940616980226 0.4826173066366145
-0.12402579890067975 -0.49865940616980226 0.4826173066366145
-0.12183906536965902 -0.49881699351523234 0.4833238259761917
-0.1253225864741233 -0.5092411871327931 0.501413426508393
-0.1233538972766823 -0.5088457313961863 0.5026252722732993
-0.1254714740465056 -0.5146860707421805 0.5126018740234835
-0.12405777851910255 -0.5134765595338944 0.5144438670658498
-0.12659397778795847 -0.5195422805729533 0.5244073561217721
-0.1258531411101907 -0.5177473564986359 0.5265725653290301
-0.1286117642036561 -0.5238675412956232 0.5363575210141631
-0.12878749893078142 -0.5213141889040604 0.538895330844176
-0.12878749893078142 -0.5213141889040604 0.538895330844176
-0.12941882929191725 -0.5181684137844987 0.5418618316442632
-0.12941882929191725 -0.5181684137844987 0.5418618316442632
-0.13066591433509728 -0.514191949514298 0.5454257485107971
-0.1395167932683368 -0.533437136745371 0.5750563253073856
-0.14111843117492975 -0.5287439259273672 0.5790154936575118
-0.14111843117492975 -0.5287439259273672 0.5790154936575118
-0.14327934807906434 -0.5231304220907513 0.5836562643073956
-0.149111547432828 -0.5368366502668127 0.604609623662022
-0.15151298263172916 -0.5304473593192494 0.6097427533770974
-0.15402914667816844 -0.5372913254720195 0.6204529294955106
-0.15402914667816844 -0.5372913254720195 0.6204529294955106
-0.15402914667816844 -0.5372913254720195 0.6204529294955106
-0.15402914667816844 -0.5372913254720195 0.6204529294955106
-0.15887582904837352 -0.5510057482319604 0.6422647514102823
-0.15887582904837352 -0.5510057482319604 0.6422647514102823
-0.1609824200722444 -0.5575133440857779 0.6529099866244719
-0.1609824200722444 -0.5575133440857779 0.6529099866244719
-0.16281295580824376 -0.5639062574923948 0.6637100367660618
-0.16281295580824376 -0.5639062574923948 0.6637100367660618
-0.16281295580824376 -0.5639062574923948 0.6637100367660618
-0.16281295580824376 -0.5639062574923948 0.6637100367660618
-0.16544841691370718 -0.5760262527093128 0.6854543430206517
-0.16544841691370718 -0.5760262527093128 0.6854543430206517
-0.16544841691370718 -0.5760262527093128 0.6854543430206517
-0.16544841691370718 -0.5760262527093128 0.6854543430206517
-0.16544841691370718 -0.5760262527093128 0.6854543430206517
-0.16544841691370718 -0.5760262527093128 0.6854543430206517
-0.16648938337252714 -0.5911706256663816 0.7163443671783823
-0.16648938337252714 -0.5911706256663816 0.7163443671783823
-0.1660430462289585 -0.59503650499682 0.725475923201458
-0.1660430462289585 -0.59503650499682 0.725475923201458
-0.1660430462289585 -0.59503650499682 0.725475923201458
-0.1660430462289585 -0.59503650499682 0.725475923201458
-0.1643251244116132 -0.6011826194686357 0.7418874566907407
-0.1643251244116132 -0.6011826194686357 0.7418874566907407
-0.162948619132215 -0.603250426214655 0.7488538621352759
-0.162948619132215 -0.603250426214655 0.7488538621352759
-0.1612453021789403 -0.6046113352333375 0.7548707411055482
-0.1612453021789403 -0.6046113352333375 0.7548707411055482
