-49.085143 0.125744 -5.183927 
-48.704597 -0.271961 -5.018765 
-48.543221 -0.321945 -4.939016 
-48.479124 0.082640 -5.037433 
-48.395639 0.062774 -5.084057 
-48.395639 0.062774 -5.084057 
-48.312009 0.043012 -5.070354 
-48.351727 0.270977 -4.572896 
-48.353765 0.291863 -4.497818 
-48.353765 0.291863 -4.497818 
-48.267631 0.264224 -4.427108 
-47.979537 -0.113308 -4.759078 
-48.063721 -0.060613 -5.584542 
-47.966701 -0.121657 -5.583336 
-47.880438 -0.149475 -5.574572 
-47.978935 -0.116008 -6.069320 
-47.896553 -0.140979 -5.352505 
-47.896553 -0.140979 -5.352505 
-47.980975 -0.094829 -5.288847 
-48.070906 -0.077387 -4.864480 
-48.155115 -0.031377 -4.920799 
-48.048358 -0.096671 -5.246290 
-47.949926 -0.519734 -5.241885 
-48.152274 -0.429195 -4.997563 
-48.150253 -0.424014 -4.993424 
-48.033953 -0.505002 -4.898998 
-48.031905 -0.499835 -4.954793 
-48.019963 -0.309793 -5.690085 
-47.932949 -0.344574 -5.568978 
-47.932949 -0.344574 -5.568978 
-47.935215 0.031014 -6.283826 
-48.009527 0.034487 -6.022646 
-48.178320 0.112826 -5.319395 
-47.957913 -0.227501 -4.899497 
-47.949896 -0.239653 -4.964981 
-48.044780 0.014869 -5.374947 
-48.040782 0.012100 -5.375590 
-48.131673 0.264278 -5.699288 
-48.081520 0.232841 -5.676376 
-46.367612 -35.780713 63.022910 
-46.349487 -35.737442 62.912744 
-48.065084 0.374972 -5.565669 
-48.177997 0.034538 -4.839254 
-48.176430 0.263171 -4.841524 
-48.080358 0.190140 -4.921026 
-48.180864 0.052449 -4.508523 
-48.164440 -0.359931 -3.813583 
-48.160971 -0.342472 -4.324598 
-48.153162 -0.374058 -4.990267 
-48.153162 -0.374058 -4.990267 
-48.487679 -0.235213 -4.421100 
-48.569036 -0.180610 -4.744819 
-48.313062 0.059604 -5.407072 
-48.299357 -0.162284 -4.986243 
-48.299357 -0.162284 -4.986243 
-48.071109 -0.501967 -5.068650 
-47.807887 -0.663428 -5.032041 
-47.788545 -0.243546 -4.938286 
-47.779233 -0.645653 -3.587537 
-47.858546 -0.167398 -4.331414 
-47.869658 0.203707 -4.408972 
-47.839510 0.176830 -3.649367 
-47.751007 0.115283 -4.310432 
-47.615411 0.027561 -3.784215 
-47.626982 0.401611 -3.856791 
-47.799217 0.468891 -4.030004 
-47.891255 0.876247 -4.804400 
-47.891255 0.876247 -4.804400 
-47.809415 0.832845 -4.105758 
-47.427444 0.792839 -4.407532 
-47.520455 1.201143 -5.175328 
-47.488888 1.593284 -5.163305 
-47.319296 1.524271 -4.518366 
-46.976446 1.734108 -4.321392 
-46.638223 1.959114 -5.020914 
-46.284116 2.366536 -4.062723 
-45.869420 2.926790 -4.119511 
-45.912323 3.561318 -4.519899 
-45.751708 4.210267 -4.641278 
-45.269623 4.989026 -4.102136 
-44.884761 6.205365 -4.818091 
-44.870251 8.467043 -3.815969 
-44.413031 9.288143 -3.284953 
-44.106550 10.827990 -2.627065 
-43.581543 11.891374 -2.756253 
-43.657357 13.860721 -2.162120 
-43.281396 14.609897 -2.299335 
-43.539545 17.268563 -1.584274 
-43.299643 18.002578 -1.037989 
-43.649253 20.898867 -0.512969 
-43.158829 21.540772 0.313233 
-43.158829 21.540772 0.313233 
-43.063040 22.430096 0.145854 
-46.141098 31.140856 -0.195431 
-46.145275 31.453243 0.574825 
-48.058431 35.630277 -1.674176 
-48.288586 35.723581 -0.607534 
-48.288586 35.723581 -0.607534 
-48.463150 35.814986 0.271713 
-48.463150 35.814986 0.271713 
-48.054011 35.960591 1.164440 
-48.054011 35.960591 1.164440 
-47.348467 36.000838 0.395827 
-47.348467 36.000838 0.395827 
-46.698955 36.034764 0.958038 
-46.698955 36.034764 0.958038 
-45.730471 36.097364 0.960359 
-45.730471 36.097364 0.960359 
-44.443956 36.464780 -0.095701 
-44.443956 36.464780 -0.095701 
-42.452220 36.582189 -0.248671 
-42.452220 36.582189 -0.248671 
-40.415199 36.677945 -1.106772 
-40.415199 36.677945 -1.106772 
-38.913588 36.589716 -0.863108 
-38.913588 36.589716 -0.863108 
-36.724447 36.813003 -0.621027 
-36.724447 36.813003 -0.621027 
-34.204542 36.535788 -1.738556 
-34.204542 36.535788 -1.738556 
-32.654046 36.166796 -1.917776 
-32.654046 36.166796 -1.917776 
-32.051021 35.766553 -1.959096 
-32.051021 35.766553 -1.959096 
-31.369409 35.708472 -1.260905 
-31.369409 35.708472 -1.260905 
-29.653179 35.655785 -2.086932 
-29.653179 35.655785 -2.086932 
-26.989769 35.368315 -2.995546 
-26.989769 35.368315 -2.995546 
-23.568145 34.970362 -4.650815 
-23.568145 34.970362 -4.650815 
-20.115522 34.041906 -4.929646 
-20.115522 34.041906 -4.929646 
-18.279747 33.599340 -5.722946 
-18.279747 33.599340 -5.722946 
-17.925080 33.505127 -5.676134 
-17.925080 33.505127 -5.676134 
-17.874661 33.176037 -5.902276 
-17.874661 33.176037 -5.902276 
-17.447459 32.573674 -5.964776 
-17.447459 32.573674 -5.964776 
-19.245100 32.472948 -5.209543 
-19.245100 32.472948 -5.209543 
-22.243219 32.725167 -5.253226 
-22.243219 32.725167 -5.253226 
-23.000279 32.748583 -3.750036 
-23.000279 32.748583 -3.750036 
-22.317713 32.646123 -3.692104 
-22.317713 32.646123 -3.692104 
-21.785703 32.341840 -3.696013 
-21.785703 32.341840 -3.696013 
-22.309995 32.611722 -4.488444 
-22.309995 32.611722 -4.488444 
-22.309995 32.611722 -4.488444 
-22.309995 32.611722 -4.488444 
-22.309995 32.611722 -4.488444 
-22.309995 32.611722 -4.488444 
-22.309995 32.611722 -4.488444 
-22.309995 32.611722 -4.488444 
-22.309995 32.611722 -4.488444 
-22.309995 32.611722 -4.488444 
-22.309995 32.611722 -4.488444 
-22.309995 32.611722 -4.488444 
-22.309995 32.611722 -4.488444 
-22.309995 32.611722 -4.488444 
-22.309995 32.611722 -4.488444 
-22.309995 32.611722 -4.488444 
-22.309995 32.611722 -4.488444 
-22.309995 32.611722 -4.488444 
-22.309995 32.611722 -4.488444 
-22.309995 32.611722 -4.488444 
-22.309995 32.611722 -4.488444 
-22.309995 32.611722 -4.488444 
-40.955288 34.529883 2.206869 
-40.955288 34.529883 2.206869 
-40.955288 34.529883 2.206869 
-40.955288 34.529883 2.206869 
-40.955288 34.529883 2.206869 
-40.955288 34.529883 2.206869 
-40.955288 34.529883 2.206869 
-40.955288 34.529883 2.206869 
-40.955288 34.529883 2.206869 
-40.955288 34.529883 2.206869 
-40.955288 34.529883 2.206869 
-40.955288 34.529883 2.206869 
-40.955288 34.529883 2.206869 
-40.955288 34.529883 2.206869 
-40.955288 34.529883 2.206869 
-40.955288 34.529883 2.206869 
-40.955288 34.529883 2.206869 
-40.955288 34.529883 2.206869 
-40.955288 34.529883 2.206869 
-40.955288 34.529883 2.206869 
-40.955288 34.529883 2.206869 
-40.955288 34.529883 2.206869 
-40.955288 34.529883 2.206869 
-40.955288 34.529883 2.206869 
-40.955288 34.529883 2.206869 
-40.955288 34.529883 2.206869 
-46.578056 27.627024 1.648724 
-46.578056 27.627024 1.648724 
-45.350206 23.261835 2.796378 
-45.350206 23.261835 2.796378 
-44.369135 21.214692 3.602481 
-44.369135 21.214692 3.602481 
-44.369135 21.214692 3.602481 
-44.369135 21.214692 3.602481 
-44.369135 21.214692 3.602481 
-44.369135 21.214692 3.602481 
-44.369135 21.214692 3.602481 
-44.369135 21.214692 3.602481 
-44.369135 21.214692 3.602481 
-59.016175 18.437133 9.857864 
-59.016175 18.437133 9.857864 
-59.419161 17.938498 10.015841 
-59.419161 17.938498 10.015841 
-59.821909 17.133797 10.161827 
-59.821909 17.133797 10.161827 
-60.088589 16.272826 10.304718 
-60.088589 16.272826 10.304718 
-60.190188 15.670371 10.419009 
-60.190188 15.670371 10.419009 
-60.244162 15.706512 9.776381 
-60.244162 15.706512 9.776381 
-60.586150 14.470884 9.678080 
-60.586150 14.470884 9.678080 
-60.859621 12.773538 9.947251 
-60.859621 12.773538 9.947251 
-61.120266 12.119183 9.231791 
-61.120266 12.119183 9.231791 
-61.125724 10.973601 7.797438 
-61.125724 10.973601 7.797438 
-61.125724 10.973601 7.797438 
-57.351048 -9.158345 1.244802 
-57.820620 -13.966964 0.694674 
-58.189060 -15.038160 -0.882250 
-58.494681 -17.527309 -1.480439 
-58.494681 -17.527309 -1.480439 
-59.029084 -19.910708 -2.680145 
-60.754810 -21.410231 -4.941669 
-61.303636 -24.327939 -6.166669 
-62.553479 -24.907007 -7.509970 
-62.849870 -27.656333 -8.945681 
-64.133559 -28.119492 -10.414006 
-64.327000 -29.947651 -10.327471 
-64.327000 -29.947651 -10.327471 
-64.622695 -31.159675 -12.593085 
-66.273136 -31.409739 -13.985196 
-66.757985 -32.949126 -14.554473 
-68.186022 -33.022234 -15.853980 
-68.382938 -34.941133 -15.877224 
-69.738602 -35.000931 -16.485337 
-69.802705 -36.570753 -17.553011 
-69.940341 -36.617227 -17.891279 
-70.020051 -37.644250 -18.073010 
-70.036785 -37.705058 -17.777788 
-69.931275 -38.986007 -17.850962 
-70.807194 -39.044051 -17.775604 
-70.807194 -39.044051 -17.775604 
-71.537124 -39.099787 -17.776316 
-71.537124 -39.099787 -17.776316 
-71.354961 -39.299806 -16.837190 
-71.354961 -39.299806 -16.837190 
-71.354961 -39.299806 -16.837190 
-71.354961 -39.299806 -16.837190 
-71.897026 -39.052557 -17.082762 
-71.897026 -39.052557 -17.082762 
-73.276923 -39.026817 -16.813131 
-73.276923 -39.026817 -16.813131 
-73.829715 -39.140524 -16.273084 
-73.829715 -39.140524 -16.273084 
-74.001735 -38.983676 -15.873382 
-74.001735 -38.983676 -15.873382 
-73.898492 -39.033027 -15.193081 
-73.898492 -39.033027 -15.193081 
-74.896898 -38.741456 -14.716679 
-74.896898 -38.741456 -14.716679 
-75.343537 -38.622860 -14.003240 
-75.343537 -38.622860 -14.003240 
-75.463537 -38.525727 -13.445065 
-75.463537 -38.525727 -13.445065 
-76.056125 -38.107203 -14.051498 
-76.056125 -38.107203 -14.051498 
-77.058935 -38.194256 -13.070450 
-77.058935 -38.194256 -13.070450 
-77.495800 -37.991304 -13.616021 
-77.495800 -37.991304 -13.616021 
-77.941853 -37.797313 -14.068872 
-77.941853 -37.797313 -14.068872 
-78.138591 -37.721654 -14.618166 
-78.138591 -37.721654 -14.618166 
-77.764057 -37.955009 -13.440900 
-77.764057 -37.955009 -13.440900 
-77.393999 -38.134409 -12.890521 
-77.393999 -38.134409 -12.890521 
-77.393999 -38.134409 -12.890521 
-77.393999 -38.134409 -12.890521 
-78.011382 -37.886070 -13.987975 
-78.011382 -37.886070 -13.987975 
-78.011382 -37.886070 -13.987975 
-78.011382 -37.886070 -13.987975 
-77.636220 -37.975009 -14.710901 
-77.636220 -37.975009 -14.710901 
-76.997810 -38.192547 -13.339034 
-76.997810 -38.192547 -13.339034 
-77.083572 -38.180804 -14.629789 
-77.083572 -38.180804 -14.629789 
-76.759127 -38.419578 -14.653476 
-76.759127 -38.419578 -14.653476 
-75.959286 -38.548378 -14.560696 
-75.959286 -38.548378 -14.560696 
-74.208673 -39.033572 -13.459859 
-74.208673 -39.033572 -13.459859 
-73.496793 -39.251820 -12.898236 
-73.496793 -39.251820 -12.898236 
-72.548149 -39.318409 -13.455295 
-72.548149 -39.318409 -13.455295 
-70.374566 -39.656444 -11.729929 
-70.374566 -39.656444 -11.729929 
-68.241763 -39.914987 -10.555415 
-68.241763 -39.914987 -10.555415 
-66.051479 -40.038477 -9.842800 
-60.500871 -45.910567 -6.854083 
-59.061212 -45.590717 -6.344302 
-59.523615 -42.747015 -4.245829 
-58.162946 -42.683765 -3.982611 
-58.196270 -41.219474 -2.887495 
-57.037855 -41.177533 -1.314870 
-57.523755 -37.306714 -1.601080 
-55.951477 -37.029929 -0.798733 
-56.200725 -33.404847 -2.086883 
-55.266554 -32.931686 -1.575336 
-55.496572 -31.299861 -1.739309 
-55.043389 -30.984509 -1.495968 
-55.371337 -29.769133 -2.528723 
-55.371337 -29.769133 -2.528723 
-55.870498 -26.946520 -3.323702 
-55.384250 -25.803197 -4.690233 
-56.197076 -22.715591 -4.541861 
-56.197076 -22.715591 -4.541861 
-56.224854 -20.343802 -4.580642 
-56.224854 -20.343802 -4.580642 
-56.224854 -20.343802 -4.580642 
-55.465190 -18.332781 -4.506433 
-54.986007 -14.044736 -4.746704 
-54.986007 -14.044736 -4.746704 
-54.620667 -13.435974 -4.828012 
-53.452713 -12.748734 -3.658029 
-53.001284 -11.743333 -4.625723 
-52.384551 -11.039973 -4.858760 
-52.015588 -9.968800 -4.921157 
-52.015588 -9.968800 -4.921157 
-51.809586 -8.827082 -5.801137 
-50.977267 -7.268909 -4.907548 
-51.038742 -6.406820 -4.251340 
-50.797890 -6.331477 -3.717632 
-50.815045 -5.520367 -3.705236 
-51.162118 -4.337806 -4.311528 
-50.801054 -3.326268 -5.121533 
-50.388294 -2.688359 -4.934558 
-50.195580 -2.010585 -5.019507 
-49.777632 -1.581182 -4.070739 
-49.544561 -1.333655 -3.393247 
-49.448443 -0.937302 -3.296731 
-49.265001 -0.662798 -3.247722 
-49.170331 -0.472554 -2.719228 
-48.975701 -0.214084 -2.888068 
-48.892060 0.646720 -3.225579 
-48.582856 1.242677 -3.217162 
-48.387698 1.832577 -2.686104 
-48.373587 2.168252 -2.788340 
-48.288970 2.615526 -2.361708 
-48.054008 2.473398 -2.347790 
-47.972528 2.705643 -2.360069 
-47.749295 2.959316 -1.819869 
-47.663386 3.175439 -0.956193 
-47.494385 3.821347 -2.468242 
-47.299064 4.431918 -2.709772 
-47.357969 4.055337 -1.977235 
-47.473659 4.391423 -1.651694 
-47.593570 4.410888 -0.962360 
-47.708391 4.522773 -0.859145 
-47.667964 4.855152 -0.000455 
-47.679329 5.135219 -0.561066 
-47.532413 5.046450 -1.374148 
-47.539922 4.841888 -0.494351 
-47.562360 4.449492 -0.550008 
-47.570083 4.492485 -0.886824 
-47.612928 4.493211 -0.778872 
-47.824542 4.174927 -0.892512 
-47.824542 4.174927 -0.892512 
-47.824542 4.174927 -0.892512 
-48.072797 4.251182 -0.914541 
-48.072797 4.251182 -0.914541 
-48.017756 3.839791 -0.119063 
-48.114800 3.929936 -0.116925 
-48.110738 3.921190 -0.881895 
-48.309116 4.029468 -0.876805 
-48.442386 4.463256 -0.762532 
-48.431212 4.681319 -2.207455 
-48.472289 4.698664 -2.170048 
-48.673715 4.801503 -1.382581 
-48.773554 4.817896 -1.533107 
-48.773554 4.817896 -1.533107 
-48.726875 4.791024 -1.576118 
-48.726875 4.791024 -1.576118 
-49.008250 4.938579 -1.358488 
-49.008250 4.938579 -1.358488 
-49.025175 4.961007 -2.279344 
-49.025175 4.961007 -2.279344 
-49.148174 5.007275 -1.426065 
-49.148174 5.007275 -1.426065 
-49.238688 4.440554 -1.791530 
-49.238688 4.440554 -1.791530 
-49.368613 4.731361 -2.146883 
-49.368613 4.731361 -2.146883 
-49.664552 4.886501 -2.719976 
-49.664552 4.886837 -1.886652 
-49.775220 4.952834 -1.549953 
-49.862202 5.369579 -3.064960 
-49.861227 5.132829 -3.064828 
-49.734721 4.709536 -2.260748 
-49.518645 4.346920 -1.815843 
-49.518645 4.346920 -1.815843 
-49.487644 4.571242 -2.190803 
-49.487644 4.571242 -2.190803 
-49.597199 4.832577 -3.222967 
-49.597199 4.832577 -3.222967 
-49.699104 4.660063 -2.669015 
-49.699104 4.660063 -2.669015 
-49.911866 4.549715 -2.769011 
-49.911866 4.549715 -2.769011 
-49.734603 4.435597 -2.725656 
-49.734603 4.435597 -2.725656 
-49.814820 4.470035 -2.800549 
-49.814820 4.470035 -2.800549 
-50.006248 4.103869 -2.722425 
-49.965007 4.091293 -2.754635 
-49.859459 4.249673 -2.753266 
-49.816217 4.235898 -2.712274 
-49.921040 4.511332 -2.266243 
-49.921040 4.511332 -2.266243 
-49.998125 4.156213 -2.731988 
-50.038302 4.173690 -2.695899 
-50.128486 3.977199 -2.141170 
-50.126276 4.358774 -2.143050 
-50.123815 4.576023 -2.246756 
-50.161957 4.591814 -2.359743 
-50.161957 4.591814 -2.359743 
-50.161957 4.591814 -2.359743 
-50.016505 4.017661 -2.792392 
-50.016505 4.017661 -2.792392 
-50.137256 4.070704 -2.902728 
-50.175019 4.086724 -2.867643 
-50.381877 5.092928 -2.858518 
-50.381877 5.092928 -2.858518 
-50.341004 4.352138 -2.745118 
-50.341004 4.352138 -2.745118 
-50.326838 4.330268 -2.740103 
-50.326838 4.330268 -2.740103 
-50.310471 4.301837 -3.717993 
-50.310471 4.301837 -3.717993 
-50.501019 4.380386 -3.269242 
-50.501019 4.380386 -3.269242 
-50.604195 4.881253 -3.604529 
-50.604195 4.881253 -3.604529 
-50.576418 4.390148 -3.257936 
-50.576418 4.390148 -3.257936 
-50.465553 4.325653 -3.358140 
-50.465553 4.325653 -3.358140 
-50.350638 4.476031 -3.693304 
-50.350638 4.476031 -3.693304 
-50.452187 4.523261 -3.790434 
-50.452187 4.523261 -3.790434 
-50.556169 4.577104 -3.789030 
-50.556169 4.577104 -3.789030 
-50.556169 4.577104 -3.789030 
-50.556169 4.577104 -3.789030 
-50.556169 4.577104 -3.789030 
-50.556169 4.577104 -3.789030 
-50.556169 4.577104 -3.789030 
-50.864954 3.948936 -2.908531 
-50.864954 3.948936 -2.908531 
-50.693707 4.255239 -3.652048 
-50.693707 4.255239 -3.652048 
-50.693707 4.255239 -3.652048 
-50.693707 4.255239 -3.652048 
-50.779972 4.300010 -3.577612 
-50.779972 4.300010 -3.577612 
-50.779972 4.300010 -3.577612 
-50.779972 4.300010 -3.577612 
-50.531121 4.200773 -3.636770 
-50.531121 4.200773 -3.636770 
-50.406895 4.151558 -3.665949 
-50.406895 4.151558 -3.665949 
-50.240015 4.077650 -3.802282 
-50.240015 4.077650 -3.802282 
-50.114283 4.022032 -3.767283 
-50.114283 4.022032 -3.767283 
-49.900073 3.925946 -4.602162 
-49.900073 3.925946 -4.602162 
-49.854028 3.515272 -4.567465 
-48.657901 1.889416 -2.511473 
-48.738588 1.920141 -2.516609 
-48.842224 2.209090 -2.853492 
-49.007300 2.278830 -2.930838 
-49.109636 2.335073 -3.572819 
-49.145902 2.344540 -3.543912 
-49.141133 2.340203 -3.441673 
-49.051231 2.297164 -2.629167 
-48.935274 1.992961 -1.847810 
-49.015654 2.029741 -1.923248 
-49.015654 2.029741 -1.923248 
-48.919680 1.592846 -1.849483 
-48.919680 1.592846 -1.849483 
-48.998369 1.622734 -1.855124 
-49.084556 1.203640 -1.743026 
-49.078897 1.199595 -1.744238 
-49.079219 1.420707 -2.185958 
-49.201543 1.478301 -2.150566 
-49.194833 1.463580 -1.811474 
-49.191060 1.460878 -1.886508 
-49.288717 1.278389 -1.442803 
-49.284965 1.275700 -1.518658 
-49.170516 0.981825 -1.850988 
-49.170756 0.988244 -1.772684 
-49.285565 1.273704 -2.215986 
-49.244834 1.650238 -2.249270 
-49.240579 1.633244 -1.911870 
-49.280720 1.658079 -2.752620 
-49.182281 2.046347 -3.087377 
-49.263655 1.708385 -2.197270 
-49.476437 1.587794 -2.407219 
-49.520055 2.003614 -2.511619 
-49.520055 2.003614 -2.511619 
-49.399388 1.960169 -2.394398 
-49.195132 1.836402 -1.744653 
-49.237173 1.862323 -1.777962 
-49.133165 1.796495 -2.324106 
-49.010034 1.751474 -2.278506 
-49.017424 1.978437 -2.279277 
-48.969354 1.573090 -2.238154 
-48.962785 1.329114 -2.572258 
-49.182299 1.828416 -2.675983 
-49.291632 1.885867 -2.341868 
-49.208397 1.853045 -2.265061 
-49.317209 1.686451 -2.705647 
-49.270803 1.281078 -2.665003 
-49.183291 1.692610 -2.564973 
-49.141300 1.678960 -2.596244 
-49.141300 1.678960 -2.596244 
-49.272801 2.128953 -3.301172 
-49.263345 1.879067 -3.398568 
-49.303237 1.897298 -3.364636 
-49.409275 1.733010 -3.365781 
-49.365766 1.712069 -3.400509 
-49.255830 1.428049 -2.419617 
-49.167227 1.002766 -1.600256 
-49.070067 1.175448 -2.044010 
-49.032394 1.546068 -2.892710 
-49.042090 1.778110 -3.434312 
-49.125944 1.817354 -3.434764 
-49.123749 1.811016 -2.893782 
-49.125623 1.812342 -2.822533 
-49.229299 1.650211 -3.263889 
-49.187507 1.630519 -3.228725 
-49.080834 1.571380 -3.228646 
-49.120808 1.208791 -3.258278 
-49.343614 1.553482 -2.921601 
-49.341739 1.552151 -2.922013 
-49.129067 1.435491 -3.361126 
-49.218987 1.485603 -2.619112 
-49.435200 1.382342 -2.724261 
-49.476722 1.016998 -2.754379 
-49.365483 0.733049 -2.652173 
-49.281739 0.698640 -2.575937 
-49.164232 0.177031 -1.802437 
-49.080621 0.142300 -1.798074 
-49.092760 0.373716 -1.800290 
-49.097087 0.768198 -2.608568 
-49.218464 1.065217 -2.946470 
-49.216778 0.678597 -3.011379 
-49.216778 0.678597 -3.011379 
-49.138496 1.034094 -3.011232 
-49.052646 1.225635 -3.017509 
-49.002740 0.419434 -2.168206 
-49.006969 0.204266 -2.609494 
-49.059960 0.628069 -2.644761 
-49.061782 0.412209 -2.543871 
-49.147989 0.454767 -2.615607 
-49.050542 0.630903 -2.617414 
-49.059137 1.027846 -3.284731 
-49.066036 1.038346 -3.287366 
-49.066036 1.038326 -4.092153 
-49.072606 0.827587 -3.660220 
-48.900978 0.358309 -2.847210 
-48.924155 0.832422 -3.290727 
-48.881590 0.811916 -3.325351 
-48.881616 0.588883 -2.889406 
-48.926010 0.610864 -2.995034 
-48.821109 0.558791 -3.097214 
-48.869198 0.968260 -2.997171 
-48.980445 1.257676 -3.333494 
-49.058065 0.901982 -3.333513 
-49.053331 0.897717 -3.332010 
-49.012844 0.878666 -2.556553 
-49.122552 0.943668 -2.660780 
-49.125079 1.331055 -3.403744 
-49.125079 1.331055 -3.403744 
-49.207082 0.978155 -3.402954 
-49.288305 0.782068 -3.395371 
-49.374232 0.817940 -3.330198 
-49.363643 0.591353 -3.429408 
-49.321175 0.557863 -4.205852 
-49.295272 -0.124498 -4.203010 
-49.255493 -0.540692 -3.501975 
-49.118198 -0.846741 -2.854278 
-49.157689 -0.840350 -2.755859 
-49.470195 -0.020120 -3.926953 
-49.844022 0.153452 -3.971603 
-50.029614 0.229214 -4.299687 
-50.277383 0.346765 -4.305434 
-50.374414 0.609793 -3.862762 
-50.244953 0.544227 -2.952331 
-50.339092 0.361065 -2.949665 
-50.211588 0.302800 -2.980858 
-50.108108 0.465337 -3.520483 
-50.021406 0.427726 -3.516293 
-49.790859 0.282110 -2.867820 
-49.954968 0.757608 -2.940557 
-50.063211 1.028116 -3.479442 
-50.103850 0.659216 -3.440210 
-50.089987 0.413650 -2.997907 
-49.961475 0.744347 -3.701337 
-49.957193 0.512157 -3.261161 
-49.914301 0.496938 -3.361047 
-49.701089 0.598217 -3.796990 
-49.699214 0.596860 -3.729606 
-49.811208 0.879528 -4.508952 
-49.850839 0.898330 -4.542465 
-49.954395 0.948565 -4.636867 
-49.995817 0.968675 -4.669641 
-49.974717 0.287031 -3.893675 
-49.933553 0.266613 -3.127810 
-49.951940 0.730035 -3.467052 
-49.908371 1.093709 -4.240017 
-49.917499 1.326821 -4.241443 
-50.043755 0.997143 -4.273903 
-50.045942 1.003400 -4.275006 
-50.003267 0.587512 -3.507993 
-49.986734 0.127862 -2.630036 
-49.988134 0.524217 -3.365073 
-49.995095 0.534720 -3.367642 
-49.953838 0.514388 -3.332929 
-49.853302 0.462835 -3.334990 
-49.855415 0.470648 -3.330433 
-49.855415 0.470648 -3.330433 
-49.855415 0.470648 -3.399321 
-49.777806 0.671723 -3.646067 
-49.655359 0.618545 -3.606343 
-49.656117 0.399353 -3.269287 
-49.697602 0.419786 -3.304198 
-49.711185 0.651620 -3.744859 
-49.710230 0.262346 -3.003498 
-49.719186 0.491211 -3.105916 
-49.680511 0.867696 -3.737922 
-49.577511 0.813484 -3.199436 
-49.496042 0.780626 -2.525643 
-49.385068 0.498456 -2.421916 
-49.428692 0.520223 -2.457853 
-49.533800 0.571974 -2.560938 
-49.575461 0.592332 -3.332908 
-49.786361 0.696111 -3.430901 
-49.869451 0.736707 -3.362567 
-49.874033 0.745088 -3.899827 
-49.794244 0.323991 -3.157278 
-49.575744 0.201911 -2.953414 
-49.406936 0.513309 -2.953897 
-49.410588 0.733430 -2.953072 
-49.577901 0.814531 -3.826601 
-49.677045 0.640394 -3.825354 
-49.677690 0.252430 -2.947418 
-49.675711 0.242210 -2.610512 
-49.593797 0.597145 -3.345463 
-49.488581 0.541221 -3.683781 
-49.359337 0.477265 -3.649821 
-49.362930 0.697435 -3.648830 
-49.490773 0.766097 -3.678819 
-49.585731 0.579377 -3.337730 
-49.665330 0.617321 -3.339002 
-49.660757 0.608962 -3.773757 
-49.705194 0.249700 -2.925309 
-49.822952 0.532325 -2.925844 
-49.821875 0.925836 -3.731528 
-49.614991 1.033717 -3.632630 
-49.487733 0.978329 -3.662066 
-49.486578 0.751655 -4.100168 
-49.530668 1.163340 -4.930442 
-49.533045 1.165462 -4.496787 
-49.661784 0.844905 -2.923024 
-49.663968 0.851121 -3.361969 
-49.660012 0.842100 -4.102406 
-49.772612 0.904663 -3.666630 
-49.732329 1.275486 -4.434294 
-49.629751 1.221277 -4.965421 
-49.626219 0.835435 -4.960459 
-49.628084 1.053599 -5.206026 
-49.546471 1.021106 -3.662958 
-49.650524 0.854932 -3.324887 
-49.692557 0.481433 -3.289405 
-49.694733 0.487600 -3.290308 
-49.694251 0.874973 -4.100291 
-49.582435 0.593119 -3.762672 
-49.501113 0.560313 -3.757474 
-49.617547 0.846572 -4.096327 
-49.826895 1.331221 -4.868258 
-49.831679 1.335487 -4.530185 
-49.707776 0.892534 -3.759796 
-49.710164 0.894663 -3.760494 
-49.622578 0.845205 -4.561733 
-49.617817 0.840956 -4.560356 
-49.659642 0.861167 -4.528102 
-49.436951 0.738222 -4.333353 
-49.480643 0.759800 -3.563090 
-49.480643 0.759800 -3.563090 
-49.522210 0.773678 -3.533346 
-49.522210 0.773678 -3.533346 
-49.561842 0.786197 -3.572706 
-49.747083 0.436878 -3.229173 
-49.745901 0.042000 -2.420266 
-49.738774 0.035657 -2.522115 
-49.735981 0.421361 -3.263803 
-49.861670 1.159967 -4.139028 
-49.903313 1.179958 -4.172514 
-50.007227 1.230494 -4.701812 
-50.044867 1.241548 -4.739789 
-50.161028 1.533596 -4.740706 
-50.121244 1.515133 -3.978070 
-50.121244 1.515133 -3.978070 
-50.075635 1.486400 -4.745337 
-49.940259 0.739229 -3.776309 
-49.981701 0.759437 -3.742726 
-49.996177 1.213826 -3.841817 
-49.998035 1.215166 -3.841399 
-49.877941 0.920537 -3.303120 
-49.960880 0.960698 -3.303573 
-49.960880 0.960698 -3.303573 
-49.878158 0.926841 -3.298979 
-49.995809 0.998061 -4.176234 
-50.037288 1.018124 -4.209612 
-50.037288 1.018124 -4.209612 
-49.997904 1.005716 -4.171312 
-49.782239 0.665183 -3.299085 
-49.825772 0.693092 -3.329148 
-49.844395 0.933539 -4.107885 
-49.715875 0.870507 -4.074600 
-49.727326 1.101804 -4.076256 
-49.727326 1.101804 -4.076256 
-49.833547 0.937512 -3.738711 
-49.837515 0.946551 -2.999106 
-49.727530 0.666338 -2.898382 
-49.687565 1.037856 -3.601839 
-49.811253 1.330771 -3.267072 
-49.768161 1.316034 -3.434837 
-49.667140 1.479987 -3.434611 
-49.583629 1.440453 -3.296957 
-49.572708 1.204986 -3.294803 
-49.652329 0.851677 -2.630942 
-49.544205 0.797416 -2.631182 
-49.587883 0.818970 -2.595530 
-49.587883 0.818969 -2.492165 
-49.460456 0.756942 -2.456087 
-49.350549 0.692460 -2.558701 
-49.268289 1.043312 -3.225201 
-49.374667 1.313906 -3.660434 
-49.544087 1.400814 -3.724505 
-49.534910 1.383971 -3.720840 
-49.574724 1.402379 -3.687621 
-49.666806 1.213574 -3.144814 
-49.705218 0.847696 -2.438425 
-49.592739 0.781095 -2.436685 
-49.507907 1.129326 -3.243619 
-49.403303 1.511015 -4.016459 
-49.403303 1.511015 -4.016459 
-49.499400 1.551072 -4.012219 
-49.541150 1.570684 -3.978960 
-49.413507 1.263926 -3.634348 
-49.455488 1.662114 -3.640328 
-49.448328 1.655718 -4.075630 
-49.570363 1.328560 -4.041954 
-49.563372 1.318013 -3.601420 
-49.482301 1.280071 -3.600572 
-49.580854 1.110623 -3.599657 
-49.618260 1.121349 -3.638954 
-49.619931 1.342899 -3.537949 
-49.536926 1.303586 -3.503329 
-49.532338 1.295171 -3.060892 
-49.615339 1.334486 -3.096158 
-49.615131 1.338614 -3.536506 
-49.613602 0.949443 -3.569753 
-49.615775 0.955648 -3.769367 
-49.615228 1.337298 -3.775004 
-49.606405 1.109293 -3.237447 
-49.563276 0.699634 -2.538424 
-49.664490 0.532101 -2.538350 
-49.624174 0.896165 -3.172005 
-49.630468 1.125884 -3.711196 
-49.715102 1.166737 -3.711239 
-49.599074 0.881358 -3.069844 
-49.595645 0.490105 -3.139202 
-49.608825 0.729922 -3.681425 
-49.527515 0.691041 -3.612829 
-49.536658 0.707731 -3.616480 
-49.621745 0.749332 -3.616506 
-49.727805 0.582008 -3.279507 
-49.686554 0.568214 -2.647456 
-49.570464 0.279822 -2.981138 
-49.696402 0.342007 -3.611810 
-49.904364 0.442311 -3.708247 
-50.070735 0.524289 -3.708689 
-50.178382 0.581846 -3.708714 
-50.096538 0.548052 -2.901629 
-50.111218 0.779325 -2.903846 
-50.028715 0.739199 -3.638070 
-49.922972 0.469044 -3.641092 
-49.926950 0.478193 -3.635953 
-49.826571 0.427032 -3.098449 
-49.827909 0.041509 -2.426613 
-49.841816 0.276488 -2.868142 
-49.885739 0.691010 -3.638043 
-49.895322 0.699528 -3.303940 
-49.773229 0.646911 -2.459391 
-49.773605 0.428787 -2.797407 
-49.731028 0.020575 -2.827580 
-49.839487 -0.143998 -2.493988 
-49.840427 0.250817 -3.297890 
-49.749041 0.429761 -2.865171 
-49.666331 0.001897 -2.054059 
-49.673268 0.012283 -2.494384 
-49.759998 0.449406 -3.435193 
-49.758013 0.230069 -3.436577 
-49.799371 0.250424 -3.402813 
-49.690390 -0.024550 -2.868977 
-49.649093 -0.045018 -2.903651 
-49.662353 0.191745 -3.241473 
-49.660389 -0.202922 -3.171992 
-49.772628 -0.137742 -3.274544 
-49.772628 -0.137742 -3.274544 
-49.667316 -0.192564 -2.839168 
-49.667316 -0.192564 -2.839168 
-49.684865 0.267740 -3.811333 
-49.684865 0.267740 -3.811333 
-49.684865 0.267740 -3.811333 
-49.684865 0.267740 -3.811333 
-49.562555 -0.450930 -2.407108 
-49.562555 -0.450930 -2.407108 
-49.687767 -0.153362 -2.848018 
-49.687767 -0.153362 -2.848018 
-49.701287 0.080548 -2.850633 
-49.701287 0.080548 -2.850633 
-49.593575 0.023289 -2.414336 
-49.593575 0.023289 -2.414336 
-49.604529 0.255728 -3.288376 
-49.604529 0.255728 -3.288376 
-49.595759 0.029429 -2.415563 
-49.595759 0.029429 -2.415563 
-49.595759 0.029429 -2.415563 
-49.595759 0.029429 -2.415563 
-49.595759 0.029429 -2.415563 
-49.595759 0.029429 -2.415563 
-49.595759 0.029429 -2.415563 
-49.595759 0.029429 -2.415563 
-49.595759 0.029429 -2.415563 
-49.595759 0.029429 -2.415563 
-49.595759 0.029429 -2.415563 
-49.357780 -0.085244 -1.748615 
-49.357780 -0.085244 -1.748615 
-49.275354 0.262454 -2.486967 
-49.275354 0.262454 -2.486967 
-49.317286 0.282975 -2.451559 
-49.317286 0.282975 -2.451559 
-49.361054 0.304829 -2.486973 
-49.361054 0.304829 -2.486973 
-49.235262 0.243264 -2.521867 
-49.235262 0.243264 -2.521867 
-49.273385 -0.133470 -2.557096 
-49.273385 -0.133470 -2.557096 
-49.237154 0.244623 -1.641460 
-49.237154 0.244623 -1.641460 
-49.233093 0.235294 -2.455013 
-49.233093 0.235294 -2.455013 
-49.188968 -0.175292 -1.751834 
-49.188968 -0.175292 -1.751834 
-49.148954 0.194084 -2.454590 
-48.968968 0.143653 -2.365927 
-48.970878 0.145024 -1.774412 
-48.864124 0.091874 -1.668688 
-48.775577 0.041111 -2.410296 
-48.668788 0.203675 -2.845479 
-48.626572 0.189574 -2.068166 
-48.724337 0.226472 -1.732627 
-48.813047 0.654361 -2.401503 
-48.912321 0.485827 -2.504096 
-48.948849 0.111454 -1.732369 
-48.950929 0.121777 -1.627300 
-48.904672 0.091735 -2.406633 
-48.795713 0.032376 -2.405880 
-48.753460 0.011656 -2.441528 
-48.857905 0.062731 -2.543461 
-48.942328 0.104127 -2.543871 
-48.828866 0.036519 -2.000983 
-48.872928 0.058564 -2.037146 
-48.870465 0.060568 -2.369525 
-48.832171 0.042665 -2.332542 
-48.719007 -0.024771 -1.996706 
-48.636712 -0.058181 -1.329943 
-48.749557 0.446133 -2.637163 
-48.709505 0.811313 -3.340869 
-48.590017 0.511915 -1.923199 
-48.632201 0.532223 -1.959926 
-48.623446 0.304515 -2.395796 
-48.537310 0.262339 -2.395790 
-48.428412 0.422240 -2.830655 
-48.289242 -0.037809 -2.795202 
-48.165714 0.102445 -2.684556 
-48.255087 0.522819 -2.694483 
-48.554908 0.675660 -2.456479 
-48.757861 0.368674 -2.500819 
-48.852579 0.428264 -3.370559 
-48.899197 0.822982 -3.281129 
-48.887296 1.038519 -2.838128 
-48.880130 0.631141 -2.109966 
-48.880130 0.631141 -2.109966 
-48.880517 1.002535 -2.930007 
-48.880517 1.002535 -2.930007 
-48.965884 1.024995 -2.871929 
-49.116720 0.889020 -2.520716 
-49.282160 0.559368 -1.797536 
-49.689507 0.563210 -2.441441 
-49.976347 0.678514 -2.424254 
-50.172478 0.570287 -2.858874 
-50.372154 0.259940 -2.102888 
-50.367128 0.259738 -2.436040 
-50.318538 0.227361 -3.071088 
-50.304003 -0.013184 -2.627002 
-50.339358 0.003377 -2.664069 
-50.331375 -0.217372 -3.545324 
-50.323754 -0.229356 -3.551526 
-50.547023 -0.099868 -4.091964 
-50.665705 -0.453451 -4.736146 
-50.648553 -0.902001 -3.857691 
-50.727866 -0.860975 -3.926012 
-50.827464 -1.027202 -4.461691 
-50.867682 -1.410860 -3.699805 
-50.867682 -1.410860 -3.699805 
-50.856862 -1.014255 -4.431601 
-50.970303 -0.539454 -4.766566 
-51.055884 -0.892097 -4.697740 
-51.042175 -1.132556 -3.815331 
-51.036158 -0.726271 -3.878566 
-51.041304 -0.730264 -4.220142 
-51.092041 -1.092724 -4.243942 
-50.883626 -1.201121 -5.217895 
-50.802733 -1.230981 -5.144333 
-50.928785 -1.163855 -4.710923 
-50.804135 -0.812886 -4.732929 
-50.607817 -0.700690 -5.077684 
-50.576839 -1.092093 -4.290990 
-50.358979 -1.436695 -3.853500 
-50.277203 -1.466748 -5.311237 
-50.408443 -1.179461 -6.276265 
-50.534420 -0.698317 -6.295372 
-50.526893 -0.940718 -4.458363 
-50.284171 -1.046489 -4.444283 
-50.073727 -0.955128 -4.878105 
-50.119163 -0.911491 -4.959997 
-50.119163 -0.911491 -4.959997 
-49.994115 -0.963072 -4.823357 
-50.093334 -0.527298 -5.772309 
-50.262866 -0.030872 -5.823466 
-50.254236 -0.059754 -5.818082 
-50.385079 0.026250 -5.802877 
-50.268622 -0.063540 -5.179264 
-50.108139 -0.513523 -5.159637 
-49.984349 -0.832857 -5.338323 
-49.862966 -0.868162 -4.659633 
-49.862966 -0.868162 -4.659633 
-49.948166 -0.409987 -5.335989 
-49.948166 -0.409987 -5.335989 
-50.071652 0.061902 -5.322916 
-50.029489 0.555399 -5.628390 
-50.024729 0.576675 -5.610391 
-50.038950 0.998282 -6.037644 
-49.955265 1.361302 -6.023806 
-49.736377 1.216412 -6.019212 
-49.649392 0.808998 -6.003655 
-49.530613 0.720575 -6.339468 
-49.446025 0.692418 -7.017299 
