-0.5602499842643738 -0.18838997185230255 0.588242769241333
-0.5602499842643738 -0.18838997185230255 0.588242769241333
-0.5587304830551147 -0.18839186429977417 0.588365375995636
-0.5587304830551147 -0.18839186429977417 0.588365375995636
-0.5574088096618652 -0.18825137615203857 0.5885467529296875
-0.5574088096618652 -0.18825137615203857 0.5885467529296875
-0.5574088096618652 -0.18825137615203857 0.5885467529296875
-0.5574088096618652 -0.18825137615203857 0.5885467529296875
-0.5557154417037964 -0.1878259778022766 0.5894278287887573
-0.5557154417037964 -0.1878259778022766 0.5894278287887573
-0.5557154417037964 -0.1878259778022766 0.5894278287887573
-0.5557154417037964 -0.1878259778022766 0.5894278287887573
-0.5544313192367554 -0.18740934133529663 0.5901639461517334
-0.5544313192367554 -0.18740934133529663 0.5901639461517334
-0.5540441870689392 -0.18715305626392365 0.5907641649246216
-0.5540441870689392 -0.18715305626392365 0.5907641649246216
-0.553980827331543 -0.18698731064796448 0.5914167761802673
-0.553980827331543 -0.18698731064796448 0.5914167761802673
-0.553980827331543 -0.18698731064796448 0.5914167761802673
-0.553980827331543 -0.18698731064796448 0.5914167761802673
-0.5540589094161987 -0.18656247854232788 0.5923149585723877
-0.5540589094161987 -0.18656247854232788 0.5923149585723877
-0.5540070533752441 -0.18649587035179138 0.5926961898803711
-0.5540070533752441 -0.18649587035179138 0.5926961898803711
-0.554056704044342 -0.18627840280532837 0.5931625962257385
-0.554056704044342 -0.18627840280532837 0.5931625962257385
-0.5541728138923645 -0.18605145812034607 0.5937975645065308
-0.5541728138923645 -0.18605145812034607 0.5937975645065308
-0.5544233322143555 -0.1857854127883911 0.5944934487342834
-0.5544233322143555 -0.1857854127883911 0.5944934487342834
-0.5544233322143555 -0.1857854127883911 0.5944934487342834
-0.5544233322143555 -0.1857854127883911 0.5944934487342834
-0.5552119016647339 -0.1852865219116211 0.5951439142227173
-0.5552119016647339 -0.1852865219116211 0.5951439142227173
-0.5555716753005981 -0.18508076667785645 0.595221757888794
-0.5555716753005981 -0.18508076667785645 0.595221757888794
-0.5558321475982666 -0.1849132478237152 0.5953682065010071
-0.5558321475982666 -0.1849132478237152 0.5953682065010071
-0.5563222169876099 -0.1846056878566742 0.5954787731170654
-0.5563222169876099 -0.1846056878566742 0.5954787731170654
-0.5567697882652283 -0.18440751731395721 0.5950385928153992
-0.5567697882652283 -0.18440751731395721 0.5950385928153992
-0.5571517944335938 -0.18440335988998413 0.5942217111587524
-0.5571517944335938 -0.18440335988998413 0.5942217111587524
-0.5576169490814209 -0.1844157576560974 0.5932655334472656
-0.5576169490814209 -0.1844157576560974 0.5932655334472656
-0.5581287145614624 -0.18457546830177307 0.5920195579528809
-0.5581287145614624 -0.18457546830177307 0.5920195579528809
-0.5587043166160583 -0.18468014895915985 0.5910148620605469
-0.5587043166160583 -0.18468014895915985 0.5910148620605469
-0.5587043166160583 -0.18468014895915985 0.5910148620605469
-0.5587043166160583 -0.18468014895915985 0.5910148620605469
-0.5598853230476379 -0.184686541557312 0.5898702144622803
-0.5598853230476379 -0.184686541557312 0.5898702144622803
-0.5598853230476379 -0.184686541557312 0.5898702144622803
-0.5598853230476379 -0.184686541557312 0.5898702144622803
-0.5611668825149536 -0.18468737602233887 0.5891580581665039
-0.5611668825149536 -0.18468737602233887 0.5891580581665039
-0.5620829463005066 -0.18486018478870392 0.5888568758964539
-0.5620829463005066 -0.18486018478870392 0.5888568758964539
-0.5632492899894714 -0.18508955836296082 0.5886590480804443
-0.5632492899894714 -0.18508955836296082 0.5886590480804443
-0.5642856955528259 -0.18525494635105133 0.5885746479034424
-0.5642856955528259 -0.18525494635105133 0.5885746479034424
-0.5652896165847778 -0.1853834092617035 0.5888000726699829
-0.5652896165847778 -0.1853834092617035 0.5888000726699829
-0.5664530992507935 -0.18539579212665558 0.589317798614502
-0.5664530992507935 -0.18539579212665558 0.589317798614502
-0.5664530992507935 -0.18539579212665558 0.589317798614502
-0.5664530992507935 -0.18539579212665558 0.589317798614502
-0.5685394406318665 -0.18534891307353973 0.5905645489692688
-0.5685394406318665 -0.18534891307353973 0.5905645489692688
-0.5692787766456604 -0.18517464399337769 0.5914924144744873
-0.5692787766456604 -0.18517464399337769 0.5914924144744873
-0.5698553323745728 -0.1846860647201538 0.592867910861969
-0.5698553323745728 -0.1846860647201538 0.592867910861969
-0.5705362558364868 -0.1837795376777649 0.5947460532188416
-0.5705362558364868 -0.1837795376777649 0.5947460532188416
-0.5714622735977173 -0.18270355463027954 0.5966688990592957
-0.5714622735977173 -0.18270355463027954 0.5966688990592957
-0.5726911425590515 -0.18138617277145386 0.5987194180488586
-0.5726911425590515 -0.18138617277145386 0.5987194180488586
-0.5741422176361084 -0.17988890409469604 0.6005693078041077
-0.5741422176361084 -0.17988890409469604 0.6005693078041077
-0.5757132172584534 -0.1782819628715515 0.6017084121704102
-0.5757132172584534 -0.1782819628715515 0.6017084121704102
-0.5776758193969727 -0.17679399251937866 0.6022440195083618
-0.5776758193969727 -0.17679399251937866 0.6022440195083618
-0.5800722241401672 -0.1754450798034668 0.6024084091186523
-0.5800722241401672 -0.1754450798034668 0.6024084091186523
-0.5829367637634277 -0.1737697273492813 0.6026633977890015
-0.5829367637634277 -0.1737697273492813 0.6026633977890015
-0.5829367637634277 -0.1737697273492813 0.6026633977890015
-0.5829367637634277 -0.1737697273492813 0.6026633977890015
-0.5911897420883179 -0.16936415433883667 0.6027940511703491
-0.5911897420883179 -0.16936415433883667 0.6027940511703491
-0.5958136320114136 -0.16704821586608887 0.6023611426353455
-0.5958136320114136 -0.16704821586608887 0.6023611426353455
-0.5958136320114136 -0.16704821586608887 0.6023611426353455
-0.5958136320114136 -0.16704821586608887 0.6023611426353455
-0.5958136320114136 -0.16704821586608887 0.6023611426353455
-0.5958136320114136 -0.16704821586608887 0.6023611426353455
-0.5958136320114136 -0.16704821586608887 0.6023611426353455
-0.5958136320114136 -0.16704821586608887 0.6023611426353455
-0.5958136320114136 -0.16704821586608887 0.6023611426353455
-0.5958136320114136 -0.16704821586608887 0.6023611426353455
-0.5958136320114136 -0.16704821586608887 0.6023611426353455
-0.5958136320114136 -0.16704821586608887 0.6023611426353455
-0.5958136320114136 -0.16704821586608887 0.6023611426353455
-0.5958136320114136 -0.16704821586608887 0.6023611426353455
-0.5958136320114136 -0.16704821586608887 0.6023611426353455
-0.5958136320114136 -0.16704821586608887 0.6023611426353455
-0.5958136320114136 -0.16704821586608887 0.6023611426353455
-0.5958136320114136 -0.16704821586608887 0.6023611426353455
-0.5958136320114136 -0.16704821586608887 0.6023611426353455
-0.5958136320114136 -0.16704821586608887 0.6023611426353455
-0.5958136320114136 -0.16704821586608887 0.6023611426353455
-0.5958136320114136 -0.16704821586608887 0.6023611426353455
-0.5958136320114136 -0.16704821586608887 0.6023611426353455
-0.5958136320114136 -0.16704821586608887 0.6023611426353455
-0.5958136320114136 -0.16704821586608887 0.6023611426353455
-0.5958136320114136 -0.16704821586608887 0.6023611426353455
-0.5958136320114136 -0.16704821586608887 0.6023611426353455
-0.5958136320114136 -0.16704821586608887 0.6023611426353455
-0.5958136320114136 -0.16704821586608887 0.6023611426353455
-0.5958136320114136 -0.16704821586608887 0.6023611426353455
-0.5958136320114136 -0.16704821586608887 0.6023611426353455
-0.5958136320114136 -0.16704821586608887 0.6023611426353455
-0.5958136320114136 -0.16704821586608887 0.6023611426353455
-0.5958136320114136 -0.16704821586608887 0.6023611426353455
-0.5958136320114136 -0.16704821586608887 0.6023611426353455
-0.5958136320114136 -0.16704821586608887 0.6023611426353455
-0.5958136320114136 -0.16704821586608887 0.6023611426353455
-0.5958136320114136 -0.16704821586608887 0.6023611426353455
-0.5958136320114136 -0.16704821586608887 0.6023611426353455
-0.5958136320114136 -0.16704821586608887 0.6023611426353455
-0.5958136320114136 -0.16704821586608887 0.6023611426353455
-0.5958136320114136 -0.16704821586608887 0.6023611426353455
-0.5958136320114136 -0.16704821586608887 0.6023611426353455
-0.5958136320114136 -0.16704821586608887 0.6023611426353455
-0.5958136320114136 -0.16704821586608887 0.6023611426353455
-0.5958136320114136 -0.16704821586608887 0.6023611426353455
-0.5958136320114136 -0.16704821586608887 0.6023611426353455
-0.5958136320114136 -0.16704821586608887 0.6023611426353455
-0.5958136320114136 -0.16704821586608887 0.6023611426353455
-0.5958136320114136 -0.16704821586608887 0.6023611426353455
-0.5958136320114136 -0.16704821586608887 0.6023611426353455
-0.5958136320114136 -0.16704821586608887 0.6023611426353455
-0.5958136320114136 -0.16704821586608887 0.6023611426353455
-0.5958136320114136 -0.16704821586608887 0.6023611426353455
-0.5958136320114136 -0.16704821586608887 0.6023611426353455
-0.5958136320114136 -0.16704821586608887 0.6023611426353455
-0.5958136320114136 -0.16704821586608887 0.6023611426353455
-0.5958136320114136 -0.16704821586608887 0.6023611426353455
-0.5958136320114136 -0.16704821586608887 0.6023611426353455
-0.5958136320114136 -0.16704821586608887 0.6023611426353455
-0.5958136320114136 -0.16704821586608887 0.6023611426353455
-0.5958136320114136 -0.16704821586608887 0.6023611426353455
-0.5958136320114136 -0.16704821586608887 0.6023611426353455
-0.5958136320114136 -0.16704821586608887 0.6023611426353455
-0.5958136320114136 -0.16704821586608887 0.6023611426353455
-0.5958136320114136 -0.16704821586608887 0.6023611426353455
-0.5958136320114136 -0.16704821586608887 0.6023611426353455
-0.5958136320114136 -0.16704821586608887 0.6023611426353455
-0.5958136320114136 -0.16704821586608887 0.6023611426353455
-0.5958136320114136 -0.16704821586608887 0.6023611426353455
-0.5958136320114136 -0.16704821586608887 0.6023611426353455
-0.5958136320114136 -0.16704821586608887 0.6023611426353455
-0.5958136320114136 -0.16704821586608887 0.6023611426353455
-0.5958136320114136 -0.16704821586608887 0.6023611426353455
-0.5958136320114136 -0.16704821586608887 0.6023611426353455
-0.5958136320114136 -0.16704821586608887 0.6023611426353455
-0.5958136320114136 -0.16704821586608887 0.6023611426353455
-0.5958136320114136 -0.16704821586608887 0.6023611426353455
-0.5958136320114136 -0.16704821586608887 0.6023611426353455
-0.5958136320114136 -0.16704821586608887 0.6023611426353455
-0.5958136320114136 -0.16704821586608887 0.6023611426353455
-0.5958136320114136 -0.16704821586608887 0.6023611426353455
-0.5958136320114136 -0.16704821586608887 0.6023611426353455
-0.5958136320114136 -0.16704821586608887 0.6023611426353455
-0.5958136320114136 -0.16704821586608887 0.6023611426353455
-0.5958136320114136 -0.16704821586608887 0.6023611426353455
-0.5958136320114136 -0.16704821586608887 0.6023611426353455
-0.5958136320114136 -0.16704821586608887 0.6023611426353455
-0.5958136320114136 -0.16704821586608887 0.6023611426353455
-0.5958136320114136 -0.16704821586608887 0.6023611426353455
-0.5958136320114136 -0.16704821586608887 0.6023611426353455
-0.5958136320114136 -0.16704821586608887 0.6023611426353455
-0.5958136320114136 -0.16704821586608887 0.6023611426353455
-0.5958136320114136 -0.16704821586608887 0.6023611426353455
-0.5958136320114136 -0.16704821586608887 0.6023611426353455
-0.5958136320114136 -0.16704821586608887 0.6023611426353455
-0.5958136320114136 -0.16704821586608887 0.6023611426353455
-0.5958136320114136 -0.16704821586608887 0.6023611426353455
-0.5958136320114136 -0.16704821586608887 0.6023611426353455
-0.5958136320114136 -0.16704821586608887 0.6023611426353455
-0.5958136320114136 -0.16704821586608887 0.6023611426353455
-0.5958136320114136 -0.16704821586608887 0.6023611426353455
-0.5958136320114136 -0.16704821586608887 0.6023611426353455
-0.5958136320114136 -0.16704821586608887 0.6023611426353455
-0.5958136320114136 -0.16704821586608887 0.6023611426353455
-0.5958136320114136 -0.16704821586608887 0.6023611426353455
-0.5958136320114136 -0.16704821586608887 0.6023611426353455
-0.5958136320114136 -0.16704821586608887 0.6023611426353455
-0.5958136320114136 -0.16704821586608887 0.6023611426353455
-0.5958136320114136 -0.16704821586608887 0.6023611426353455
-0.5958136320114136 -0.16704821586608887 0.6023611426353455
-0.5958136320114136 -0.16704821586608887 0.6023611426353455
-0.5958136320114136 -0.16704821586608887 0.6023611426353455
-0.5958136320114136 -0.16704821586608887 0.6023611426353455
-0.5958136320114136 -0.16704821586608887 0.6023611426353455
-0.5958136320114136 -0.16704821586608887 0.6023611426353455
-0.5958136320114136 -0.16704821586608887 0.6023611426353455
-0.5958136320114136 -0.16704821586608887 0.6023611426353455
-0.5958136320114136 -0.16704821586608887 0.6023611426353455
-0.5958136320114136 -0.16704821586608887 0.6023611426353455
-0.5958136320114136 -0.16704821586608887 0.6023611426353455
-0.5958136320114136 -0.16704821586608887 0.6023611426353455
-0.5958136320114136 -0.16704821586608887 0.6023611426353455
-0.5958136320114136 -0.16704821586608887 0.6023611426353455
-0.5958136320114136 -0.16704821586608887 0.6023611426353455
-0.5958136320114136 -0.16704821586608887 0.6023611426353455
-0.5958136320114136 -0.16704821586608887 0.6023611426353455
-0.5958136320114136 -0.16704821586608887 0.6023611426353455
-0.5958136320114136 -0.16704821586608887 0.6023611426353455
-0.5958136320114136 -0.16704821586608887 0.6023611426353455
-0.5958136320114136 -0.16704821586608887 0.6023611426353455
-0.5958136320114136 -0.16704821586608887 0.6023611426353455
-0.5958136320114136 -0.16704821586608887 0.6023611426353455
-0.5958136320114136 -0.16704821586608887 0.6023611426353455
-0.5958136320114136 -0.16704821586608887 0.6023611426353455
-0.5958136320114136 -0.16704821586608887 0.6023611426353455
-0.5958136320114136 -0.16704821586608887 0.6023611426353455
-0.5958136320114136 -0.16704821586608887 0.6023611426353455
-0.5958136320114136 -0.16704821586608887 0.6023611426353455
-0.5901331901550293 -0.16355696320533752 0.5966185331344604
-0.5901331901550293 -0.16355696320533752 0.5966185331344604
-0.5879044532775879 -0.16461017727851868 0.5969900488853455
-0.5879044532775879 -0.16461017727851868 0.5969900488853455
-0.5879044532775879 -0.16461017727851868 0.5969900488853455
-0.5879044532775879 -0.16461017727851868 0.5969900488853455
-0.5844250321388245 -0.16623476147651672 0.5978137850761414
-0.5844250321388245 -0.16623476147651672 0.5978137850761414
-0.5828529000282288 -0.16701681911945343 0.5980384349822998
-0.5828529000282288 -0.16701681911945343 0.5980384349822998
-0.5813323855400085 -0.16779141128063202 0.5986095666885376
-0.5813323855400085 -0.16779141128063202 0.5986095666885376
-0.5813323855400085 -0.16779141128063202 0.5986095666885376
-0.5813323855400085 -0.16779141128063202 0.5986095666885376
-0.5794956684112549 -0.16885918378829956 0.6003825664520264
-0.5794956684112549 -0.16885918378829956 0.6003825664520264
-0.5787299275398254 -0.1694384664297104 0.6008974313735962
-0.5787299275398254 -0.1694384664297104 0.6008974313735962
-0.5774278044700623 -0.17013806104660034 0.6011066436767578
-0.5774278044700623 -0.17013806104660034 0.6011066436767578
-0.5759286880493164 -0.17062218487262726 0.600881814956665
-0.5759286880493164 -0.17062218487262726 0.600881814956665
-0.5749437212944031 -0.1707865595817566 0.5992575287818909
-0.5749437212944031 -0.1707865595817566 0.5992575287818909
-0.5749437212944031 -0.1707865595817566 0.5992575287818909
-0.5749437212944031 -0.1707865595817566 0.5992575287818909
-0.5749437212944031 -0.1707865595817566 0.5992575287818909
-0.5749437212944031 -0.1707865595817566 0.5992575287818909
-0.5749437212944031 -0.1707865595817566 0.5992575287818909
-0.5749437212944031 -0.1707865595817566 0.5992575287818909
-0.5749437212944031 -0.1707865595817566 0.5992575287818909
-0.5749437212944031 -0.1707865595817566 0.5992575287818909
-0.5749437212944031 -0.1707865595817566 0.5992575287818909
-0.5749437212944031 -0.1707865595817566 0.5992575287818909
-0.5749437212944031 -0.1707865595817566 0.5992575287818909
-0.5749437212944031 -0.1707865595817566 0.5992575287818909
-0.5749437212944031 -0.1707865595817566 0.5992575287818909
-0.5749437212944031 -0.1707865595817566 0.5992575287818909
-0.5749437212944031 -0.1707865595817566 0.5992575287818909
-0.5749437212944031 -0.1707865595817566 0.5992575287818909
-0.5749437212944031 -0.1707865595817566 0.5992575287818909
-0.5749437212944031 -0.1707865595817566 0.5992575287818909
-0.5749437212944031 -0.1707865595817566 0.5992575287818909
-0.5749437212944031 -0.1707865595817566 0.5992575287818909
-0.5749437212944031 -0.1707865595817566 0.5992575287818909
-0.5749437212944031 -0.1707865595817566 0.5992575287818909
-0.5749437212944031 -0.1707865595817566 0.5992575287818909
-0.5749437212944031 -0.1707865595817566 0.5992575287818909
-0.5749437212944031 -0.1707865595817566 0.5992575287818909
-0.5749437212944031 -0.1707865595817566 0.5992575287818909
-0.5749437212944031 -0.1707865595817566 0.5992575287818909
-0.5749437212944031 -0.1707865595817566 0.5992575287818909
-0.5749437212944031 -0.1707865595817566 0.5992575287818909
-0.5749437212944031 -0.1707865595817566 0.5992575287818909
-0.5749437212944031 -0.1707865595817566 0.5992575287818909
-0.5749437212944031 -0.1707865595817566 0.5992575287818909
-0.5749437212944031 -0.1707865595817566 0.5992575287818909
-0.5749437212944031 -0.1707865595817566 0.5992575287818909
-0.5749437212944031 -0.1707865595817566 0.5992575287818909
-0.5749437212944031 -0.1707865595817566 0.5992575287818909
-0.5749437212944031 -0.1707865595817566 0.5992575287818909
-0.5749437212944031 -0.1707865595817566 0.5992575287818909
-0.5749437212944031 -0.1707865595817566 0.5992575287818909
-0.5749437212944031 -0.1707865595817566 0.5992575287818909
-0.5749437212944031 -0.1707865595817566 0.5992575287818909
-0.5749437212944031 -0.1707865595817566 0.5992575287818909
-0.5749437212944031 -0.1707865595817566 0.5992575287818909
-0.5749437212944031 -0.1707865595817566 0.5992575287818909
-0.5749437212944031 -0.1707865595817566 0.5992575287818909
-0.5749437212944031 -0.1707865595817566 0.5992575287818909
-0.5749437212944031 -0.1707865595817566 0.5992575287818909
-0.5749437212944031 -0.1707865595817566 0.5992575287818909
-0.5749437212944031 -0.1707865595817566 0.5992575287818909
-0.5749437212944031 -0.1707865595817566 0.5992575287818909
-0.5749437212944031 -0.1707865595817566 0.5992575287818909
-0.5749437212944031 -0.1707865595817566 0.5992575287818909
-0.5749437212944031 -0.1707865595817566 0.5992575287818909
-0.5749437212944031 -0.1707865595817566 0.5992575287818909
-0.5749437212944031 -0.1707865595817566 0.5992575287818909
-0.5749437212944031 -0.1707865595817566 0.5992575287818909
-0.5749437212944031 -0.1707865595817566 0.5992575287818909
-0.5749437212944031 -0.1707865595817566 0.5992575287818909
-0.5749437212944031 -0.1707865595817566 0.5992575287818909
-0.5749437212944031 -0.1707865595817566 0.5992575287818909
-0.5749437212944031 -0.1707865595817566 0.5992575287818909
-0.5749437212944031 -0.1707865595817566 0.5992575287818909
-0.5749437212944031 -0.1707865595817566 0.5992575287818909
-0.5749437212944031 -0.1707865595817566 0.5992575287818909
-0.5407122373580933 -0.17767304182052612 0.574817955493927
-0.5407122373580933 -0.17767304182052612 0.574817955493927
-0.5406142473220825 -0.1782468557357788 0.5731494426727295
-0.5406142473220825 -0.1782468557357788 0.5731494426727295
-0.5405909419059753 -0.17911599576473236 0.570959210395813
-0.5405909419059753 -0.17911599576473236 0.570959210395813
-0.5401242971420288 -0.1805407702922821 0.5697145462036133
-0.5401242971420288 -0.1805407702922821 0.5697145462036133
-0.5396605134010315 -0.1817498654127121 0.5691627264022827
-0.5396605134010315 -0.1817498654127121 0.5691627264022827
-0.5394101142883301 -0.18277409672737122 0.5680211782455444
-0.5394101142883301 -0.18277409672737122 0.5680211782455444
-0.539671778678894 -0.18351051211357117 0.566976010799408
-0.539671778678894 -0.18351051211357117 0.566976010799408
-0.539671778678894 -0.18351051211357117 0.566976010799408
-0.539671778678894 -0.18351051211357117 0.566976010799408
-0.5421358346939087 -0.1843453198671341 0.5668156743049622
-0.5421358346939087 -0.1843453198671341 0.5668156743049622
-0.5421358346939087 -0.1843453198671341 0.5668156743049622
-0.5421358346939087 -0.1843453198671341 0.5668156743049622
-0.5421358346939087 -0.1843453198671341 0.5668156743049622
-0.5421358346939087 -0.1843453198671341 0.5668156743049622
-0.5460811257362366 -0.18458154797554016 0.5657740831375122
-0.5460811257362366 -0.18458154797554016 0.5657740831375122
-0.5460811257362366 -0.18458154797554016 0.5657740831375122
-0.5460811257362366 -0.18458154797554016 0.5657740831375122
-0.5470644235610962 -0.18512344360351562 0.5641695857048035
-0.5470644235610962 -0.18512344360351562 0.5641695857048035
-0.547398567199707 -0.18491140007972717 0.5637645721435547
-0.547398567199707 -0.18491140007972717 0.5637645721435547
-0.547398567199707 -0.18491140007972717 0.5637645721435547
-0.547398567199707 -0.18491140007972717 0.5637645721435547
-0.5492321252822876 -0.18368571996688843 0.5639819502830505
-0.5492321252822876 -0.18368571996688843 0.5639819502830505
-0.550449788570404 -0.18319636583328247 0.5637503266334534
-0.550449788570404 -0.18319636583328247 0.5637503266334534
-0.5513952970504761 -0.18278497457504272 0.5633339881896973
-0.5513952970504761 -0.18278497457504272 0.5633339881896973
-0.5519121885299683 -0.18218813836574554 0.5627140402793884
-0.5519121885299683 -0.18218813836574554 0.5627140402793884
-0.5523753762245178 -0.1816098988056183 0.5618637204170227
-0.5523753762245178 -0.1816098988056183 0.5618637204170227
-0.5527693033218384 -0.18124595284461975 0.5607536435127258
-0.5527693033218384 -0.18124595284461975 0.5607536435127258
-0.5529769659042358 -0.18075492978096008 0.5593554377555847
-0.5529769659042358 -0.18075492978096008 0.5593554377555847
-0.5532247424125671 -0.1803484857082367 0.5580476522445679
-0.5532247424125671 -0.1803484857082367 0.5580476522445679
-0.553642749786377 -0.18000930547714233 0.5563519597053528
-0.553642749786377 -0.18000930547714233 0.5563519597053528
-0.5538049936294556 -0.18001888692378998 0.5544086694717407
-0.5538049936294556 -0.18001888692378998 0.5544086694717407
-0.5536350607872009 -0.1800946295261383 0.5525573492050171
-0.5536350607872009 -0.1800946295261383 0.5525573492050171
-0.5535169243812561 -0.17999957501888275 0.5509029030799866
-0.5535169243812561 -0.17999957501888275 0.5509029030799866
-0.553713858127594 -0.17983277142047882 0.5493254661560059
-0.553713858127594 -0.17983277142047882 0.5493254661560059
-0.55409175157547 -0.17989492416381836 0.5475805401802063
-0.55409175157547 -0.17989492416381836 0.5475805401802063
-0.5543724298477173 -0.18007467687129974 0.5458687543869019
-0.5543724298477173 -0.18007467687129974 0.5458687543869019
-0.5545560121536255 -0.18015652894973755 0.5443913340568542
-0.5545560121536255 -0.18015652894973755 0.5443913340568542
-0.5548171997070312 -0.18026727437973022 0.5429825186729431
-0.5548171997070312 -0.18026727437973022 0.5429825186729431
-0.5550106763839722 -0.18062353134155273 0.5415135622024536
-0.5550106763839722 -0.18062353134155273 0.5415135622024536
-0.5550106763839722 -0.18062353134155273 0.5415135622024536
-0.5550106763839722 -0.18062353134155273 0.5415135622024536
-0.5550106763839722 -0.18062353134155273 0.5415135622024536
-0.5550106763839722 -0.18062353134155273 0.5415135622024536
-0.5550106763839722 -0.18062353134155273 0.5415135622024536
-0.5550106763839722 -0.18062353134155273 0.5415135622024536
-0.5561663508415222 -0.1809682846069336 0.5390022993087769
-0.5561663508415222 -0.1809682846069336 0.5390022993087769
-0.5566037893295288 -0.18081554770469666 0.5391902923583984
-0.5566037893295288 -0.18081554770469666 0.5391902923583984
-0.5570815801620483 -0.18064822256565094 0.5396068096160889
-0.5570815801620483 -0.18064822256565094 0.5396068096160889
-0.5575082898139954 -0.18046894669532776 0.5397728085517883
-0.5575082898139954 -0.18046894669532776 0.5397728085517883
-0.5578266978263855 -0.18042007088661194 0.5396303534507751
-0.5578266978263855 -0.18042007088661194 0.5396303534507751
-0.5578266978263855 -0.18042007088661194 0.5396303534507751
-0.5578266978263855 -0.18042007088661194 0.5396303534507751
-0.5583115220069885 -0.18051284551620483 0.5395634770393372
-0.5583115220069885 -0.18051284551620483 0.5395634770393372
-0.5585659742355347 -0.18043328821659088 0.5397034883499146
-0.5585659742355347 -0.18043328821659088 0.5397034883499146
-0.5586010217666626 -0.1803290843963623 0.5397064685821533
-0.5586010217666626 -0.1803290843963623 0.5397064685821533
-0.558767557144165 -0.18025168776512146 0.5398370027542114
-0.558767557144165 -0.18025168776512146 0.5398370027542114
-0.5588912963867188 -0.18019041419029236 0.5399909019470215
-0.5588912963867188 -0.18019041419029236 0.5399909019470215
-0.559043288230896 -0.18014073371887207 0.5401442050933838
-0.559043288230896 -0.18014073371887207 0.5401442050933838
-0.5589121580123901 -0.18019886314868927 0.5402783155441284
-0.5589121580123901 -0.18019886314868927 0.5402783155441284
-0.5586667060852051 -0.18013067543506622 0.5404587388038635
-0.5586667060852051 -0.18013067543506622 0.5404587388038635
-0.5583403706550598 -0.1800493597984314 0.540580153465271
-0.5583403706550598 -0.1800493597984314 0.540580153465271
-0.5580270886421204 -0.17990437150001526 0.5406523942947388
-0.5580270886421204 -0.17990437150001526 0.5406523942947388
-0.558021605014801 -0.17979629337787628 0.5409789085388184
-0.558021605014801 -0.17979629337787628 0.5409789085388184
-0.5579245090484619 -0.17976859211921692 0.5411642789840698
-0.5579245090484619 -0.17976859211921692 0.5411642789840698
-0.5577695369720459 -0.17961636185646057 0.5414777398109436
-0.5577695369720459 -0.17961636185646057 0.5414777398109436
-0.5578091740608215 -0.17942893505096436 0.541571855545044
-0.5578091740608215 -0.17942893505096436 0.541571855545044
-0.5578091740608215 -0.17942893505096436 0.541571855545044
-0.5578091740608215 -0.17942893505096436 0.541571855545044
-0.5578752756118774 -0.17928630113601685 0.542119562625885
-0.5578752756118774 -0.17928630113601685 0.542119562625885
-0.5578243732452393 -0.17910468578338623 0.542456865310669
-0.5578243732452393 -0.17910468578338623 0.542456865310669
-0.5579882264137268 -0.17890654504299164 0.5429201722145081
-0.5579882264137268 -0.17890654504299164 0.5429201722145081
-0.5582028031349182 -0.1786864995956421 0.5432273149490356
-0.5582028031349182 -0.1786864995956421 0.5432273149490356
-0.558387041091919 -0.17853862047195435 0.5435452461242676
-0.558387041091919 -0.17853862047195435 0.5435452461242676
-0.5586112141609192 -0.17833685874938965 0.543899416923523
-0.5586112141609192 -0.17833685874938965 0.543899416923523
-0.5586112141609192 -0.17833685874938965 0.543899416923523
-0.5586112141609192 -0.17833685874938965 0.543899416923523
-0.5590695142745972 -0.17789797484874725 0.5443815588951111
-0.5590695142745972 -0.17789797484874725 0.5443815588951111
-0.5590695142745972 -0.17789797484874725 0.5443815588951111
-0.5590695142745972 -0.17789797484874725 0.5443815588951111
-0.5590695142745972 -0.17789797484874725 0.5443815588951111
-0.5590695142745972 -0.17789797484874725 0.5443815588951111
-0.5590695142745972 -0.17789797484874725 0.5443815588951111
-0.5590695142745972 -0.17789797484874725 0.5443815588951111
-0.5590695142745972 -0.17789797484874725 0.5443815588951111
-0.5590695142745972 -0.17789797484874725 0.5443815588951111
-0.5590695142745972 -0.17789797484874725 0.5443815588951111
-0.5590695142745972 -0.17789797484874725 0.5443815588951111
-0.5590695142745972 -0.17789797484874725 0.5443815588951111
-0.5590695142745972 -0.17789797484874725 0.5443815588951111
-0.5590695142745972 -0.17789797484874725 0.5443815588951111
-0.5590695142745972 -0.17789797484874725 0.5443815588951111
-0.5590695142745972 -0.17789797484874725 0.5443815588951111
-0.5590695142745972 -0.17789797484874725 0.5443815588951111
-0.5590695142745972 -0.17789797484874725 0.5443815588951111
-0.5590695142745972 -0.17789797484874725 0.5443815588951111
-0.5590695142745972 -0.17789797484874725 0.5443815588951111
-0.5590695142745972 -0.17789797484874725 0.5443815588951111
-0.5590695142745972 -0.17789797484874725 0.5443815588951111
-0.5590695142745972 -0.17789797484874725 0.5443815588951111
-0.5590695142745972 -0.17789797484874725 0.5443815588951111
-0.5590695142745972 -0.17789797484874725 0.5443815588951111
-0.5590695142745972 -0.17789797484874725 0.5443815588951111
-0.5590695142745972 -0.17789797484874725 0.5443815588951111
-0.5590695142745972 -0.17789797484874725 0.5443815588951111
-0.5590695142745972 -0.17789797484874725 0.5443815588951111
-0.5590695142745972 -0.17789797484874725 0.5443815588951111
-0.5590695142745972 -0.17789797484874725 0.5443815588951111
-0.5590695142745972 -0.17789797484874725 0.5443815588951111
-0.5590695142745972 -0.17789797484874725 0.5443815588951111
-0.5590695142745972 -0.17789797484874725 0.5443815588951111
-0.5590695142745972 -0.17789797484874725 0.5443815588951111
-0.5590695142745972 -0.17789797484874725 0.5443815588951111
-0.5590695142745972 -0.17789797484874725 0.5443815588951111
-0.5590695142745972 -0.17789797484874725 0.5443815588951111
-0.5590695142745972 -0.17789797484874725 0.5443815588951111
-0.5590695142745972 -0.17789797484874725 0.5443815588951111
-0.5590695142745972 -0.17789797484874725 0.5443815588951111
-0.5590695142745972 -0.17789797484874725 0.5443815588951111
-0.5590695142745972 -0.17789797484874725 0.5443815588951111
-0.5590695142745972 -0.17789797484874725 0.5443815588951111
-0.5590695142745972 -0.17789797484874725 0.5443815588951111
-0.5590695142745972 -0.17789797484874725 0.5443815588951111
-0.5590695142745972 -0.17789797484874725 0.5443815588951111
-0.5590695142745972 -0.17789797484874725 0.5443815588951111
-0.5590695142745972 -0.17789797484874725 0.5443815588951111
-0.5590695142745972 -0.17789797484874725 0.5443815588951111
-0.5618185997009277 -0.175448477268219 0.5492955446243286
-0.5618185997009277 -0.175448477268219 0.5492955446243286
-0.5621394515037537 -0.1753375381231308 0.5491088628768921
-0.5621394515037537 -0.1753375381231308 0.5491088628768921
-0.5623695850372314 -0.17519883811473846 0.5489821434020996
-0.5623695850372314 -0.17519883811473846 0.5489821434020996
-0.5624921321868896 -0.17507074773311615 0.5489909648895264
-0.5624921321868896 -0.17507074773311615 0.5489909648895264
-0.5625717639923096 -0.17484229803085327 0.5490015745162964
-0.5625717639923096 -0.17484229803085327 0.5490015745162964
-0.5625717639923096 -0.17484229803085327 0.5490015745162964
-0.5625717639923096 -0.17484229803085327 0.5490015745162964
-0.5625717639923096 -0.17484229803085327 0.5490015745162964
-0.5625717639923096 -0.17484229803085327 0.5490015745162964
-0.5628325939178467 -0.17428797483444214 0.5488097071647644
-0.5628325939178467 -0.17428797483444214 0.5488097071647644
-0.5630357265472412 -0.1740131378173828 0.549045205116272
-0.5630357265472412 -0.1740131378173828 0.549045205116272
-0.5631741285324097 -0.17383098602294922 0.5492091774940491
-0.5631741285324097 -0.17383098602294922 0.5492091774940491
-0.5632030963897705 -0.17368857562541962 0.5493534803390503
-0.5632030963897705 -0.17368857562541962 0.5493534803390503
-0.5631147623062134 -0.1736232042312622 0.5495492219924927
-0.5631147623062134 -0.1736232042312622 0.5495492219924927
-0.5629427433013916 -0.1734602153301239 0.5499054789543152
-0.5629427433013916 -0.1734602153301239 0.5499054789543152
-0.5628945827484131 -0.1732630878686905 0.55043625831604
-0.5628945827484131 -0.1732630878686905 0.55043625831604
-0.5627825260162354 -0.17303641140460968 0.5509591698646545
-0.5627825260162354 -0.17303641140460968 0.5509591698646545
-0.5625814199447632 -0.17289204895496368 0.5513753890991211
-0.5625814199447632 -0.17289204895496368 0.5513753890991211
-0.5625814199447632 -0.17289204895496368 0.5513753890991211
-0.5625814199447632 -0.17289204895496368 0.5513753890991211
-0.5618168115615845 -0.1727881133556366 0.5520597696304321
-0.5618168115615845 -0.1727881133556366 0.5520597696304321
-0.5615196228027344 -0.17268651723861694 0.5524472594261169
-0.5615196228027344 -0.17268651723861694 0.5524472594261169
-0.561379611492157 -0.17258130013942719 0.5527607202529907
-0.561379611492157 -0.17258130013942719 0.5527607202529907
-0.5612630844116211 -0.17244520783424377 0.5532211661338806
-0.5612630844116211 -0.17244520783424377 0.5532211661338806
-0.5611364245414734 -0.17245148122310638 0.5534194111824036
-0.5611364245414734 -0.17245148122310638 0.5534194111824036
-0.5608245134353638 -0.17236872017383575 0.5535411834716797
-0.5608245134353638 -0.17236872017383575 0.5535411834716797
-0.5604157447814941 -0.17236949503421783 0.5535427927970886
-0.5604157447814941 -0.17236949503421783 0.5535427927970886
-0.5604157447814941 -0.17236949503421783 0.5535427927970886
-0.5604157447814941 -0.17236949503421783 0.5535427927970886
-0.5604729056358337 -0.1720503717660904 0.5539928674697876
-0.5604729056358337 -0.1720503717660904 0.5539928674697876
-0.5602735877037048 -0.17205867171287537 0.5538771152496338
-0.5602735877037048 -0.17205867171287537 0.5538771152496338
-0.560094952583313 -0.17206771671772003 0.5538203716278076
-0.560094952583313 -0.17206771671772003 0.5538203716278076
-0.5599157810211182 -0.17202644050121307 0.5539254546165466
-0.5599157810211182 -0.17202644050121307 0.5539254546165466
-0.5598194599151611 -0.17196336388587952 0.5540353655815125
-0.5598194599151611 -0.17196336388587952 0.5540353655815125
-0.5598490238189697 -0.1719246357679367 0.5540580749511719
-0.5598490238189697 -0.1719246357679367 0.5540580749511719
-0.5598434209823608 -0.1720297634601593 0.5540074706077576
-0.5598434209823608 -0.1720297634601593 0.5540074706077576
-0.5597252249717712 -0.17203840613365173 0.554091215133667
-0.5597252249717712 -0.17203840613365173 0.554091215133667
-0.5596334934234619 -0.172005295753479 0.5541422367095947
-0.5596334934234619 -0.172005295753479 0.5541422367095947
-0.5595600008964539 -0.17200177907943726 0.5541633367538452
-0.5595600008964539 -0.17200177907943726 0.5541633367538452
-0.5593593716621399 -0.1720539778470993 0.5541926622390747
-0.5593593716621399 -0.1720539778470993 0.5541926622390747
-0.5591095685958862 -0.17207585275173187 0.5543739199638367
-0.5591095685958862 -0.17207585275173187 0.5543739199638367
-0.5589247941970825 -0.1719692200422287 0.5546056032180786
-0.5589247941970825 -0.1719692200422287 0.5546056032180786
-0.5586745738983154 -0.17194880545139313 0.5546426773071289
-0.5586745738983154 -0.17194880545139313 0.5546426773071289
-0.5583893060684204 -0.1720157414674759 0.554628312587738
-0.5583893060684204 -0.1720157414674759 0.554628312587738
-0.5583893060684204 -0.1720157414674759 0.554628312587738
-0.5583893060684204 -0.1720157414674759 0.554628312587738
-0.5579420328140259 -0.17217610776424408 0.5544077754020691
-0.5579420328140259 -0.17217610776424408 0.5544077754020691
-0.5576778650283813 -0.172316774725914 0.5542411208152771
-0.5576778650283813 -0.172316774725914 0.5542411208152771
-0.5574557781219482 -0.172446608543396 0.5540773272514343
-0.5574557781219482 -0.172446608543396 0.5540773272514343
-0.5572828650474548 -0.17254720628261566 0.5541127324104309
-0.5572828650474548 -0.17254720628261566 0.5541127324104309
-0.5571058392524719 -0.17258873581886292 0.5540662407875061
-0.5571058392524719 -0.17258873581886292 0.5540662407875061
-0.5567693710327148 -0.1727292537689209 0.5537537932395935
-0.5567693710327148 -0.1727292537689209 0.5537537932395935
-0.5563954710960388 -0.1727798730134964 0.5535385012626648
-0.5563954710960388 -0.1727798730134964 0.5535385012626648
-0.556230902671814 -0.17286942899227142 0.5534179210662842
-0.556230902671814 -0.17286942899227142 0.5534179210662842
-0.5562916994094849 -0.17287923395633698 0.5531964898109436
-0.5562916994094849 -0.17287923395633698 0.5531964898109436
-0.5563684105873108 -0.17281414568424225 0.5531079769134521
-0.5563684105873108 -0.17281414568424225 0.5531079769134521
-0.5565475225448608 -0.1728445291519165 0.553087055683136
-0.5565475225448608 -0.1728445291519165 0.553087055683136
-0.5565899610519409 -0.1728474497795105 0.5529698133468628
-0.5565899610519409 -0.1728474497795105 0.5529698133468628
-0.5565899610519409 -0.1728474497795105 0.5529698133468628
-0.5565899610519409 -0.1728474497795105 0.5529698133468628
-0.557371973991394 -0.17289984226226807 0.553156852722168
-0.557371973991394 -0.17289984226226807 0.553156852722168
-0.5576818585395813 -0.17310157418251038 0.5529571771621704
-0.5576818585395813 -0.17310157418251038 0.5529571771621704
-0.5580217838287354 -0.17333969473838806 0.5527066588401794
-0.5580217838287354 -0.17333969473838806 0.5527066588401794
-0.5587879419326782 -0.17336878180503845 0.5527526140213013
-0.5587879419326782 -0.17336878180503845 0.5527526140213013
-0.5599054098129272 -0.1732054054737091 0.5530275106430054
-0.5599054098129272 -0.1732054054737091 0.5530275106430054
-0.5608915090560913 -0.17308127880096436 0.5534996390342712
-0.5608915090560913 -0.17308127880096436 0.5534996390342712
-0.5614162683486938 -0.1729268729686737 0.5537480115890503
-0.5614162683486938 -0.1729268729686737 0.5537480115890503
-0.5614354610443115 -0.1727956384420395 0.5540730357170105
-0.5614354610443115 -0.1727956384420395 0.5540730357170105
-0.5613960027694702 -0.17259497940540314 0.5543615818023682
-0.5613960027694702 -0.17259497940540314 0.5543615818023682
-0.5615574717521667 -0.17231766879558563 0.5549162030220032
-0.5615574717521667 -0.17231766879558563 0.5549162030220032
-0.561722457408905 -0.1721557378768921 0.5553208589553833
-0.561722457408905 -0.1721557378768921 0.5553208589553833
-0.5616958737373352 -0.17201775312423706 0.5557460784912109
-0.5616958737373352 -0.17201775312423706 0.5557460784912109
-0.5614472031593323 -0.17188934981822968 0.5559244751930237
-0.5614472031593323 -0.17188934981822968 0.5559244751930237
-0.5615237951278687 -0.1717492938041687 0.5561698079109192
-0.5615237951278687 -0.1717492938041687 0.5561698079109192
-0.5616547465324402 -0.17161838710308075 0.5562529563903809
-0.5616547465324402 -0.17161838710308075 0.5562529563903809
-0.5618139505386353 -0.17153814435005188 0.556344211101532
-0.5618139505386353 -0.17153814435005188 0.556344211101532
-0.5617984533309937 -0.17155881226062775 0.5562049150466919
-0.5617984533309937 -0.17155881226062775 0.5562049150466919
-0.5617397427558899 -0.17160332202911377 0.5560877323150635
-0.5617397427558899 -0.17160332202911377 0.5560877323150635
-0.5617614984512329 -0.1716340184211731 0.5559497475624084
-0.5617614984512329 -0.1716340184211731 0.5559497475624084
-0.5617789626121521 -0.17166338860988617 0.555768609046936
-0.5617789626121521 -0.17166338860988617 0.555768609046936
-0.5617016553878784 -0.17170223593711853 0.5556968450546265
-0.5617016553878784 -0.17170223593711853 0.5556968450546265
-0.5615177750587463 -0.17177820205688477 0.5556104183197021
-0.5615177750587463 -0.17177820205688477 0.5556104183197021
-0.5612413287162781 -0.17177167534828186 0.555618405342102
-0.5612413287162781 -0.17177167534828186 0.555618405342102
-0.5612413287162781 -0.17177167534828186 0.555618405342102
-0.5612413287162781 -0.17177167534828186 0.555618405342102
-0.5605140924453735 -0.17187565565109253 0.5552831292152405
-0.5605140924453735 -0.17187565565109253 0.5552831292152405
-0.5602723360061646 -0.17190909385681152 0.5552133321762085
-0.5602723360061646 -0.17190909385681152 0.5552133321762085
-0.5600482225418091 -0.1718488186597824 0.5552737712860107
-0.5600482225418091 -0.1718488186597824 0.5552737712860107
-0.5599927306175232 -0.17187297344207764 0.5553491115570068
-0.5599927306175232 -0.17187297344207764 0.5553491115570068
-0.5597121119499207 -0.17192596197128296 0.5552840232849121
-0.5597121119499207 -0.17192596197128296 0.5552840232849121
-0.5595667362213135 -0.17197227478027344 0.5552228689193726
-0.5595667362213135 -0.17197227478027344 0.5552228689193726
-0.5596135854721069 -0.1719595491886139 0.555439293384552
-0.5596135854721069 -0.1719595491886139 0.555439293384552
-0.5597626566886902 -0.1718713641166687 0.5557838678359985
-0.5597626566886902 -0.1718713641166687 0.5557838678359985
-0.5596420764923096 -0.17191065847873688 0.5558719635009766
-0.5596420764923096 -0.17191065847873688 0.5558719635009766
-0.5594857931137085 -0.17184768617153168 0.5560193657875061
-0.5594857931137085 -0.17184768617153168 0.5560193657875061
-0.5595110654830933 -0.17179355025291443 0.5562251806259155
-0.5595110654830933 -0.17179355025291443 0.5562251806259155
-0.5595818758010864 -0.1717253178358078 0.5564345121383667
-0.5595818758010864 -0.1717253178358078 0.5564345121383667
-0.5595405697822571 -0.171687513589859 0.5565915107727051
-0.5595405697822571 -0.171687513589859 0.5565915107727051
-0.559373140335083 -0.1716337502002716 0.5566527843475342
-0.559373140335083 -0.1716337502002716 0.5566527843475342
-0.5594176054000854 -0.17149248719215393 0.5569347143173218
-0.5594176054000854 -0.17149248719215393 0.5569347143173218
-0.5595004558563232 -0.17130586504936218 0.5572180151939392
-0.5595004558563232 -0.17130586504936218 0.5572180151939392
-0.5595278739929199 -0.17126688361167908 0.5576101541519165
-0.5595278739929199 -0.17126688361167908 0.5576101541519165
-0.5593569278717041 -0.1711883693933487 0.5578858852386475
-0.5593569278717041 -0.1711883693933487 0.5578858852386475
-0.5590908527374268 -0.17109009623527527 0.5580953359603882
-0.5590908527374268 -0.17109009623527527 0.5580953359603882
-0.5589351654052734 -0.17101989686489105 0.5582630634307861
-0.5589351654052734 -0.17101989686489105 0.5582630634307861
-0.5588884353637695 -0.171024888753891 0.5581672787666321
-0.5588884353637695 -0.171024888753891 0.5581672787666321
-0.5588520765304565 -0.17105382680892944 0.5579715967178345
-0.5588520765304565 -0.17105382680892944 0.5579715967178345
-0.5586667060852051 -0.17106299102306366 0.5579670667648315
-0.5586667060852051 -0.17106299102306366 0.5579670667648315
-0.5584887266159058 -0.170986607670784 0.5580713748931885
-0.5584887266159058 -0.170986607670784 0.5580713748931885
-0.5585630536079407 -0.17091232538223267 0.5582437515258789
-0.5585630536079407 -0.17091232538223267 0.5582437515258789
-0.5585719347000122 -0.17098158597946167 0.5581981539726257
-0.5585719347000122 -0.17098158597946167 0.5581981539726257
-0.5585031509399414 -0.1710389256477356 0.5579874515533447
-0.5585031509399414 -0.1710389256477356 0.5579874515533447
-0.5583677291870117 -0.1710926741361618 0.5580295920372009
-0.5583677291870117 -0.1710926741361618 0.5580295920372009
-0.5582890510559082 -0.1710752546787262 0.5580549836158752
-0.5582890510559082 -0.1710752546787262 0.5580549836158752
-0.55818772315979 -0.17106179893016815 0.5579768419265747
-0.55818772315979 -0.17106179893016815 0.5579768419265747
-0.5581499338150024 -0.17110812664031982 0.5579274892807007
-0.5581499338150024 -0.17110812664031982 0.5579274892807007
-0.5582742691040039 -0.17106986045837402 0.5578708648681641
-0.5582742691040039 -0.17106986045837402 0.5578708648681641
-0.5584917068481445 -0.17106316983699799 0.5578864812850952
-0.5584917068481445 -0.17106316983699799 0.5578864812850952
-0.5584917068481445 -0.17106316983699799 0.5578864812850952
-0.5584917068481445 -0.17106316983699799 0.5578864812850952
-0.5584917068481445 -0.17106316983699799 0.5578864812850952
-0.5584917068481445 -0.17106316983699799 0.5578864812850952
-0.5592341423034668 -0.17110684514045715 0.5576175451278687
-0.5592341423034668 -0.17110684514045715 0.5576175451278687
-0.5594658851623535 -0.17106389999389648 0.5576642751693726
-0.5594658851623535 -0.17106389999389648 0.5576642751693726
-0.559678852558136 -0.17099502682685852 0.5577500462532043
-0.559678852558136 -0.17099502682685852 0.5577500462532043
-0.5599202513694763 -0.17087726294994354 0.5578542351722717
-0.5599202513694763 -0.17087726294994354 0.5578542351722717
-0.5600483417510986 -0.17094910144805908 0.5576944351196289
-0.5600483417510986 -0.17094910144805908 0.5576944351196289
-0.5600483417510986 -0.17094910144805908 0.5576944351196289
-0.5600483417510986 -0.17094910144805908 0.5576944351196289
-0.5600515604019165 -0.1709967851638794 0.5575284957885742
-0.5600515604019165 -0.1709967851638794 0.5575284957885742
-0.5601439476013184 -0.17101073265075684 0.5576054453849792
-0.5601439476013184 -0.17101073265075684 0.5576054453849792
-0.5601603984832764 -0.17096737027168274 0.5575810670852661
-0.5601603984832764 -0.17096737027168274 0.5575810670852661
-0.5601603984832764 -0.17096737027168274 0.5575810670852661
-0.5601603984832764 -0.17096737027168274 0.5575810670852661
-0.5598704814910889 -0.1709560602903366 0.5576183795928955
-0.5598704814910889 -0.1709560602903366 0.5576183795928955
-0.5598704814910889 -0.1709560602903366 0.5576183795928955
-0.5598704814910889 -0.1709560602903366 0.5576183795928955
-0.5594224333763123 -0.17096760869026184 0.5577588081359863
-0.5594224333763123 -0.17096760869026184 0.5577588081359863
-0.5590398907661438 -0.17090587317943573 0.5577505230903625
-0.5590398907661438 -0.17090587317943573 0.5577505230903625
-0.5589219927787781 -0.17089515924453735 0.5577089190483093
-0.5589219927787781 -0.17089515924453735 0.5577089190483093
-0.5587853193283081 -0.17093342542648315 0.5576696395874023
-0.5587853193283081 -0.17093342542648315 0.5576696395874023
-0.5585123300552368 -0.17096813023090363 0.5575768351554871
-0.5585123300552368 -0.17096813023090363 0.5575768351554871
-0.5581713914871216 -0.17089463770389557 0.55763179063797
-0.5581713914871216 -0.17089463770389557 0.55763179063797
-0.5581026673316956 -0.17084363102912903 0.5578653812408447
-0.5581026673316956 -0.17084363102912903 0.5578653812408447
-0.5582664608955383 -0.17077063024044037 0.5578011870384216
-0.5582664608955383 -0.17077063024044037 0.5578011870384216
-0.5582829713821411 -0.17082297801971436 0.5577104091644287
-0.5582829713821411 -0.17082297801971436 0.5577104091644287
-0.5582337379455566 -0.1708448827266693 0.5576805472373962
-0.5582337379455566 -0.1708448827266693 0.5576805472373962
-0.5581803321838379 -0.17076805233955383 0.5579217672348022
-0.5581803321838379 -0.17076805233955383 0.5579217672348022
-0.5583739280700684 -0.17058619856834412 0.5584047436714172
-0.5583739280700684 -0.17058619856834412 0.5584047436714172
-0.5585803985595703 -0.17043441534042358 0.5587391257286072
-0.5585803985595703 -0.17043441534042358 0.5587391257286072
-0.5587067008018494 -0.1702653020620346 0.5590722560882568
-0.5587067008018494 -0.1702653020620346 0.5590722560882568
-0.5587043166160583 -0.1701505482196808 0.5593487024307251
-0.5587043166160583 -0.1701505482196808 0.5593487024307251
-0.5589567422866821 -0.17006438970565796 0.5595923662185669
-0.5589567422866821 -0.17006438970565796 0.5595923662185669
-0.55931556224823 -0.16994206607341766 0.5599035024642944
-0.55931556224823 -0.16994206607341766 0.5599035024642944
-0.5596643090248108 -0.16987043619155884 0.5601492524147034
-0.5596643090248108 -0.16987043619155884 0.5601492524147034
-0.5599355101585388 -0.1698489785194397 0.5602074861526489
-0.5599355101585388 -0.1698489785194397 0.5602074861526489
-0.5600931644439697 -0.1698920875787735 0.5602536201477051
-0.5600931644439697 -0.1698920875787735 0.5602536201477051
-0.5602230429649353 -0.1698766052722931 0.5601741075515747
-0.5602230429649353 -0.1698766052722931 0.5601741075515747
-0.5603432655334473 -0.16989365220069885 0.5602685213088989
-0.5603432655334473 -0.16989365220069885 0.5602685213088989
-0.5604785680770874 -0.16982686519622803 0.5602861642837524
-0.5604785680770874 -0.16982686519622803 0.5602861642837524
-0.5605213642120361 -0.1698785126209259 0.5601749420166016
-0.5605213642120361 -0.1698785126209259 0.5601749420166016
-0.560593843460083 -0.16989418864250183 0.5600262880325317
-0.560593843460083 -0.16989418864250183 0.5600262880325317
-0.5606760382652283 -0.16995413601398468 0.559899091720581
-0.5606760382652283 -0.16995413601398468 0.559899091720581
-0.5607191324234009 -0.16999328136444092 0.5598127245903015
-0.5607191324234009 -0.16999328136444092 0.5598127245903015
-0.5608141422271729 -0.17000657320022583 0.559715211391449
-0.5608141422271729 -0.17000657320022583 0.559715211391449
-0.5608024001121521 -0.17004677653312683 0.5595948696136475
-0.5608024001121521 -0.17004677653312683 0.5595948696136475
-0.5607402324676514 -0.17015340924263 0.5594296455383301
-0.5607402324676514 -0.17015340924263 0.5594296455383301
-0.5604551434516907 -0.17028677463531494 0.559200644493103
-0.5604551434516907 -0.17028677463531494 0.559200644493103
-0.560247540473938 -0.17026561498641968 0.559201717376709
-0.560247540473938 -0.17026561498641968 0.559201717376709
-0.5602601170539856 -0.17019744217395782 0.55942302942276
-0.5602601170539856 -0.17019744217395782 0.55942302942276
-0.5605299472808838 -0.1701091080904007 0.5596874952316284
-0.5605299472808838 -0.1701091080904007 0.5596874952316284
-0.5604932904243469 -0.17009538412094116 0.5597355365753174
-0.5604932904243469 -0.17009538412094116 0.5597355365753174
-0.5602110624313354 -0.17011794447898865 0.5598593950271606
-0.5602110624313354 -0.17011794447898865 0.5598593950271606
-0.5598858594894409 -0.17019419372081757 0.5596736073493958
-0.5598858594894409 -0.17019419372081757 0.5596736073493958
-0.5595787763595581 -0.17029304802417755 0.5596737861633301
-0.5595787763595581 -0.17029304802417755 0.5596737861633301
-0.5593768358230591 -0.17031553387641907 0.559718132019043
-0.5593768358230591 -0.17031553387641907 0.559718132019043
-0.5590720176696777 -0.17032906413078308 0.5596946477890015
-0.5590720176696777 -0.17032906413078308 0.5596946477890015
-0.5587700009346008 -0.1703527867794037 0.5597440004348755
-0.5587700009346008 -0.1703527867794037 0.5597440004348755
-0.5584878921508789 -0.17032794654369354 0.559724748134613
-0.5584878921508789 -0.17032794654369354 0.559724748134613
-0.558201253414154 -0.17040607333183289 0.5596112012863159
-0.558201253414154 -0.17040607333183289 0.5596112012863159
-0.5579586029052734 -0.17046648263931274 0.5595104694366455
-0.5579586029052734 -0.17046648263931274 0.5595104694366455
-0.5577636957168579 -0.17048799991607666 0.5593622326850891
-0.5577636957168579 -0.17048799991607666 0.5593622326850891
-0.5576190948486328 -0.17050443589687347 0.5592435598373413
-0.5576190948486328 -0.17050443589687347 0.5592435598373413
-0.5575015544891357 -0.17056497931480408 0.5589948892593384
-0.5575015544891357 -0.17056497931480408 0.5589948892593384
-0.5575015544891357 -0.17056497931480408 0.5589948892593384
-0.5575015544891357 -0.17056497931480408 0.5589948892593384
-0.5575015544891357 -0.17056497931480408 0.5589948892593384
-0.5575015544891357 -0.17056497931480408 0.5589948892593384
-0.5575015544891357 -0.17056497931480408 0.5589948892593384
-0.5575015544891357 -0.17056497931480408 0.5589948892593384
-0.5575015544891357 -0.17056497931480408 0.5589948892593384
-0.5575015544891357 -0.17056497931480408 0.5589948892593384
-0.5575015544891357 -0.17056497931480408 0.5589948892593384
-0.5575015544891357 -0.17056497931480408 0.5589948892593384
-0.5575015544891357 -0.17056497931480408 0.5589948892593384
-0.5575015544891357 -0.17056497931480408 0.5589948892593384
-0.5575015544891357 -0.17056497931480408 0.5589948892593384
-0.5575015544891357 -0.17056497931480408 0.5589948892593384
-0.5575015544891357 -0.17056497931480408 0.5589948892593384
-0.5575015544891357 -0.17056497931480408 0.5589948892593384
-0.5575015544891357 -0.17056497931480408 0.5589948892593384
-0.5575015544891357 -0.17056497931480408 0.5589948892593384
-0.5575015544891357 -0.17056497931480408 0.5589948892593384
-0.5575015544891357 -0.17056497931480408 0.5589948892593384
-0.5575015544891357 -0.17056497931480408 0.5589948892593384
-0.5575015544891357 -0.17056497931480408 0.5589948892593384
-0.5575015544891357 -0.17056497931480408 0.5589948892593384
-0.5575015544891357 -0.17056497931480408 0.5589948892593384
-0.5575015544891357 -0.17056497931480408 0.5589948892593384
-0.5575015544891357 -0.17056497931480408 0.5589948892593384
-0.5575015544891357 -0.17056497931480408 0.5589948892593384
-0.5575015544891357 -0.17056497931480408 0.5589948892593384
-0.5575015544891357 -0.17056497931480408 0.5589948892593384
-0.5575015544891357 -0.17056497931480408 0.5589948892593384
-0.5575015544891357 -0.17056497931480408 0.5589948892593384
-0.5575015544891357 -0.17056497931480408 0.5589948892593384
-0.5575015544891357 -0.17056497931480408 0.5589948892593384
-0.5575015544891357 -0.17056497931480408 0.5589948892593384
-0.5575015544891357 -0.17056497931480408 0.5589948892593384
-0.5575015544891357 -0.17056497931480408 0.5589948892593384
-0.5575015544891357 -0.17056497931480408 0.5589948892593384
-0.5575015544891357 -0.17056497931480408 0.5589948892593384
-0.5575015544891357 -0.17056497931480408 0.5589948892593384
-0.5575015544891357 -0.17056497931480408 0.5589948892593384
-0.5575015544891357 -0.17056497931480408 0.5589948892593384
-0.5575015544891357 -0.17056497931480408 0.5589948892593384
-0.5575015544891357 -0.17056497931480408 0.5589948892593384
-0.5575015544891357 -0.17056497931480408 0.5589948892593384
-0.5575015544891357 -0.17056497931480408 0.5589948892593384
-0.5575015544891357 -0.17056497931480408 0.5589948892593384
-0.5575015544891357 -0.17056497931480408 0.5589948892593384
-0.5575015544891357 -0.17056497931480408 0.5589948892593384
-0.5559341907501221 -0.17173629999160767 0.5563300848007202
-0.5559341907501221 -0.17173629999160767 0.5563300848007202
-0.5559601187705994 -0.17176637053489685 0.5562080144882202
-0.5559601187705994 -0.17176637053489685 0.5562080144882202
-0.5560519695281982 -0.17171014845371246 0.5564878582954407
-0.5560519695281982 -0.17171014845371246 0.5564878582954407
-0.5562808513641357 -0.17152012884616852 0.5567296743392944
-0.5562808513641357 -0.17152012884616852 0.5567296743392944
-0.5564589500427246 -0.17150820791721344 0.5566005110740662
-0.5564589500427246 -0.17150820791721344 0.5566005110740662
-0.5564418435096741 -0.1715971678495407 0.5563351511955261
-0.5564418435096741 -0.1715971678495407 0.5563351511955261
-0.5564587116241455 -0.17164139449596405 0.5563285946846008
-0.5564587116241455 -0.17164139449596405 0.5563285946846008
-0.5565654039382935 -0.171549990773201 0.5564812421798706
-0.5565654039382935 -0.171549990773201 0.5564812421798706
-0.556715726852417 -0.17158429324626923 0.5566789507865906
-0.556715726852417 -0.17158429324626923 0.5566789507865906
-0.5568240880966187 -0.17171677947044373 0.556713342666626
-0.5568240880966187 -0.17171677947044373 0.556713342666626
-0.5569330453872681 -0.17172551155090332 0.5569002032279968
-0.5569330453872681 -0.17172551155090332 0.5569002032279968
-0.5570492148399353 -0.1716594398021698 0.5571095943450928
-0.5570492148399353 -0.1716594398021698 0.5571095943450928
-0.5572080612182617 -0.17158889770507812 0.5572014451026917
-0.5572080612182617 -0.17158889770507812 0.5572014451026917
-0.5573135018348694 -0.1715838611125946 0.557232141494751
-0.5573135018348694 -0.1715838611125946 0.557232141494751
-0.5576027035713196 -0.1714969277381897 0.5573353171348572
-0.5576027035713196 -0.1714969277381897 0.5573353171348572
-0.5582243204116821 -0.17135198414325714 0.5574899315834045
-0.5582243204116821 -0.17135198414325714 0.5574899315834045
-0.5590509176254272 -0.17130497097969055 0.5573323965072632
-0.5590509176254272 -0.17130497097969055 0.5573323965072632
-0.5598200559616089 -0.17145505547523499 0.5569454431533813
-0.5598200559616089 -0.17145505547523499 0.5569454431533813
-0.5605116486549377 -0.17156893014907837 0.5566774606704712
-0.5605116486549377 -0.17156893014907837 0.5566774606704712
-0.5605116486549377 -0.17156893014907837 0.5566774606704712
-0.5605116486549377 -0.17156893014907837 0.5566774606704712
-0.5605116486549377 -0.17156893014907837 0.5566774606704712
-0.5605116486549377 -0.17156893014907837 0.5566774606704712
-0.5632981061935425 -0.17214325070381165 0.555230975151062
-0.5632981061935425 -0.17214325070381165 0.555230975151062
-0.564385712146759 -0.17222237586975098 0.5545094013214111
-0.564385712146759 -0.17222237586975098 0.5545094013214111
-0.5650198459625244 -0.1721871942281723 0.5539422035217285
-0.5650198459625244 -0.1721871942281723 0.5539422035217285
-0.5652334094047546 -0.17206159234046936 0.5537720918655396
-0.5652334094047546 -0.17206159234046936 0.5537720918655396
-0.5653279423713684 -0.17179501056671143 0.5538144111633301
-0.5653279423713684 -0.17179501056671143 0.5538144111633301
-0.5654444694519043 -0.17162424325942993 0.5535486936569214
-0.5654444694519043 -0.17162424325942993 0.5535486936569214
-0.5655298829078674 -0.17148126661777496 0.5529643297195435
-0.5655298829078674 -0.17148126661777496 0.5529643297195435
-0.5655350089073181 -0.17143990099430084 0.552679717540741
-0.5655350089073181 -0.17143990099430084 0.552679717540741
-0.5655699968338013 -0.1712944656610489 0.5525892376899719
-0.5655699968338013 -0.1712944656610489 0.5525892376899719
-0.5655699968338013 -0.1712944656610489 0.5525892376899719
-0.5655699968338013 -0.1712944656610489 0.5525892376899719
-0.5657994151115417 -0.17079219222068787 0.553394615650177
-0.5657994151115417 -0.17079219222068787 0.553394615650177
-0.565687358379364 -0.17068681120872498 0.5537816286087036
-0.565687358379364 -0.17068681120872498 0.5537816286087036
-0.565336287021637 -0.1706298440694809 0.554168701171875
-0.565336287021637 -0.1706298440694809 0.554168701171875
-0.5648447275161743 -0.17051126062870026 0.554593563079834
-0.5648447275161743 -0.17051126062870026 0.554593563079834
-0.5641260147094727 -0.1704934537410736 0.5549138188362122
-0.5641260147094727 -0.1704934537410736 0.5549138188362122
-0.5633753538131714 -0.17038598656654358 0.5554376840591431
-0.5633753538131714 -0.17038598656654358 0.5554376840591431
-0.5626978874206543 -0.17027294635772705 0.5561290979385376
-0.5626978874206543 -0.17027294635772705 0.5561290979385376
-0.5621905326843262 -0.17015661299228668 0.556631326675415
-0.5621905326843262 -0.17015661299228668 0.556631326675415
-0.5616890788078308 -0.17010949552059174 0.5573519468307495
-0.5616890788078308 -0.17010949552059174 0.5573519468307495
-0.5613707900047302 -0.169927716255188 0.5582880973815918
-0.5613707900047302 -0.169927716255188 0.5582880973815918
-0.5613707900047302 -0.169927716255188 0.5582880973815918
-0.5613707900047302 -0.169927716255188 0.5582880973815918
-0.5614861845970154 -0.1694255769252777 0.5606307983398438
-0.5614861845970154 -0.1694255769252777 0.5606307983398438
-0.5613696575164795 -0.1693163812160492 0.5617355704307556
-0.5613696575164795 -0.1693163812160492 0.5617355704307556
-0.5610324144363403 -0.1690995991230011 0.5628352165222168
-0.5610324144363403 -0.1690995991230011 0.5628352165222168
-0.560736358165741 -0.1687960922718048 0.5643526315689087
-0.560736358165741 -0.1687960922718048 0.5643526315689087
-0.560736358165741 -0.1687960922718048 0.5643526315689087
-0.560736358165741 -0.1687960922718048 0.5643526315689087
-0.560736358165741 -0.1687960922718048 0.5643526315689087
-0.560736358165741 -0.1687960922718048 0.5643526315689087
-0.5609647035598755 -0.16713890433311462 0.5694883465766907
-0.5609647035598755 -0.16713890433311462 0.5694883465766907
-0.5606426000595093 -0.16664659976959229 0.5707282423973083
-0.5606426000595093 -0.16664659976959229 0.5707282423973083
-0.5602548718452454 -0.16626228392124176 0.5716520547866821
-0.5602548718452454 -0.16626228392124176 0.5716520547866821
-0.5602461695671082 -0.16592714190483093 0.5725671052932739
-0.5602461695671082 -0.16592714190483093 0.5725671052932739
