0.030302059255448446 -0.05222111197577678 -0.0013591979158958933
0.030360234366049767 -0.05218229545540519 -0.0013597331751337427
0.030357215047587163 -0.05218044788232701 -0.0013659593931873992
0.030353678388733173 -0.05217875293296924 -0.0013605442387187305
0.030383221966074965 -0.052172254761339756 -0.0013369729188396906
0.030391221549330986 -0.05218814362463338 -0.0013655322184817076
0.030319520812334272 -0.05216085000674915 -0.0014876630629295229
0.030230948920643028 -0.05205974957369354 -0.0012705880291131455
0.0302474837903123 -0.05211775198461421 -0.0011644350085751598
0.030326513254446692 -0.05219925446313951 -0.0013457311158545648
0.030348416491807702 -0.052165637397661085 -0.0013718096312588246
0.03029802357021072 -0.052266880434238355 -0.0014643216981256313
0.030256130963331712 -0.05231178978812068 -0.0014436784022105464
0.03025342735446409 -0.05225476629083142 -0.0013632311694609378
0.03025261888378792 -0.052247142978790975 -0.001375676638894624
0.030279806952400318 -0.05227523593794085 -0.0014385003527060403
0.030326229571995204 -0.05224735635634088 -0.0014282498255713538
0.030355145654482753 -0.05223232953897104 -0.0014338394259987564
0.030372188616638533 -0.05221926997572672 -0.0014344211680470675
0.030316082363174866 -0.05220620519895838 -0.001366004033440199
0.03034093310426965 -0.05224949856718572 -0.0012735474491105958
0.03044524549474193 -0.05227253654081984 -0.0013995314077576426
0.03041491127229736 -0.05223761195998797 -0.0014854900971677798
0.03036369348921021 -0.05217035503515434 -0.0013474225487600244
0.030376738375781462 -0.05214769338731494 -0.001366925544757841
0.030431504330924966 -0.05221665952845486 -0.0015104402780345416
0.030401416758045724 -0.052252379733168944 -0.0014903487453566677
0.030379312058580604 -0.05222975129286535 -0.0014402175733385092
0.030373381311670923 -0.05223431787561168 -0.0014399358714159705
0.03030340053470803 -0.05215420130303462 -0.0012676894006662665
0.030241465272068148 -0.052140072916104244 -0.0013589125365448818
0.03022287263161421 -0.0521190850498936 -0.0013140953314508541
0.030250610853691365 -0.05215578020349912 -0.0012274698602023348
0.03023154793965018 -0.052231325622152644 -0.0013133744457959617
0.03025272084602299 -0.052231494125538985 -0.001289270542866039
0.03025272084602299 -0.052231494125538985 -0.001289270542866039
0.030261670189565652 -0.05219559916555429 -0.0013334462110830836
0.030258118748974328 -0.05219388256086244 -0.0013279878244553955
0.030273607612026666 -0.052194108272332077 -0.001310110526843794
0.030274611456893342 -0.0522482148796046 -0.0013831179476881394
0.030256513476183328 -0.05228313717073153 -0.0013508540163756633
0.0303081290010807 -0.05228228026185573 -0.0013959788219046754
0.03032664011170836 -0.05225117070249981 -0.0014220159540022093
0.03028462397951942 -0.05220303370681263 -0.0013201562801706257
0.030268147914049574 -0.05222822661775477 -0.001300612712446858
0.03031681379102945 -0.052238737333725416 -0.0013579240836365802
0.03033288029829069 -0.05220972945569431 -0.00138370422785411
0.030357215047587163 -0.05218044788232701 -0.0013659593931873992
0.030360638593311222 -0.052186109682486034 -0.0013535081376168934
0.03030246341017096 -0.05222492618833065 -0.0013529717762133242
0.03037555151706494 -0.05223081493082936 -0.0012627075093678275
0.030372025723980782 -0.05222912183254197 -0.001257304783088914
0.03037677026162708 -0.05221309674479778 -0.0012762696433417653
0.030322660886724605 -0.05220298893688295 -0.0012155015244911804
0.030269025620287958 -0.05217376523871335 -0.0013190852357139737
0.030283154142343657 -0.05218055979114475 -0.0013407545312360825
0.03022148463482799 -0.05224507558583831 -0.0013127851401660562
0.030162706734032582 -0.0522123853084603 -0.0012805615072259136
0.030121383344417524 -0.05224444141262791 -0.0012785702461049486
0.03018523835599505 -0.05225927704958762 -0.0013233701372471762
0.030191071925564326 -0.052212801678816895 -0.0013867682774278967
0.030262304176372677 -0.05219682824942226 -0.0014857745568288006
0.030239186295924834 -0.0521727469790422 -0.001547494799796434
0.03023043524735712 -0.05224179089769666 -0.0015316110967636687
0.030294922311413383 -0.05227565889939313 -0.0014087632064418987
0.03037895411873181 -0.05225297812245751 -0.00150272455741568
0.03040254759183892 -0.052234677046852473 -0.0015038704738134234
0.030358846114821335 -0.05219570878471416 -0.001341036630921194
0.030347021623332034 -0.052204828207200474 -0.0013404699669421205
0.030311878988169477 -0.052153638971513025 -0.0013096567880083454
0.03031782919608194 -0.052149147902124424 -0.0013099301602230717
0.030292180355837375 -0.05220921016591577 -0.0012902776523227022
0.030339494716497738 -0.05221455782658563 -0.001229924643610797
0.030328931891402226 -0.05220179936516682 -0.0012470067048121203
0.030299315429689694 -0.052182703774290906 -0.0013082060576774523
0.030322304868131207 -0.05221358046090835 -0.0013477750557862878
0.03031641135540135 -0.05221813342444859 -0.0013474938669331415
0.030288251783649654 -0.0522082186640611 -0.0012963440688222305
0.03028186970729873 -0.052255234195459424 -0.0012332014963751525
0.03023550246677826 -0.052249952715664724 -0.0012520181109521578
0.03020649053094686 -0.05223042970063223 -0.0013134364624234618
0.03026813332594283 -0.052255168042944625 -0.001333858976016622
0.03029187923179108 -0.0522788899822683 -0.0012723707663822859
0.030286954148891425 -0.052263832757924775 -0.0013510836460756404
0.030257239218605188 -0.05220282771878694 -0.001475411784932823
0.03028017303554463 -0.05223720541865566 -0.001495387113601282
0.030286145383093634 -0.05227448610026883 -0.0014325454342283273
0.030257768695018943 -0.05222399385191598 -0.0013187351325853192
0.030287232640256234 -0.05220106692279615 -0.0013201621447045397
0.030281101101488676 -0.052201338547530396 -0.001314752880353487
0.030281101101488676 -0.052201338547530396 -0.001314752880353487
0.030285844721678105 -0.052214480030046945 -0.0013014661861148746
0.030268147914049574 -0.05222822661775477 -0.001300612712446858
0.03026109404706462 -0.05222483189648394 -0.0012897938555533894
0.030272444827566747 -0.05225808742486111 -0.0012275027343583989
0.030265110116753702 -0.05223531187705731 -0.0012822703370906074
0.030265582874244308 -0.05219293750239759 -0.0013451248828651174
0.03035001741287377 -0.052207339356003676 -0.001359368401765676
0.03033819292138447 -0.05221645877848999 -0.0013588017377866024
0.030306413527311123 -0.052162078216647895 -0.0013031389509437497
0.030318237182054265 -0.05215295937147457 -0.0013037053824806188
0.030324599004909962 -0.052156398713154986 -0.0013030395981177278
0.030330472451740642 -0.052151770937370265 -0.0013033326574398707
0.03035669771638924 -0.05218060050687143 -0.0013543181392715042
0.03035669771638924 -0.05218060050687143 -0.0013543181392715042
0.030318976589969536 -0.0522362502251396 -0.0014412866305161809
0.030313103143138856 -0.05224087800092432 -0.001440993571194038
0.030262925825068794 -0.05224928687118602 -0.0013948169487997264
0.030257032197239582 -0.05225383971203522 -0.0013945349937005413
0.030290398148178736 -0.052226332248586985 -0.001376494742526213
0.030296233758341326 -0.05222171881394856 -0.001376790849023951
0.03034458011154499 -0.05232949340509192 -0.0014649391272945345
0.030386079427538536 -0.05233952896807954 -0.001404266970468887
0.03030254379222891 -0.05223229590325196 -0.0012417810243097183
0.03030254379222891 -0.05223229590325196 -0.0012417810243097183
0.030423162823127743 -0.05233491140475478 -0.0015214411779214676
0.03038166165641861 -0.0523248770312377 -0.0015821098615205198
0.03034579971876527 -0.05217579861340013 -0.0013592999936133943
0.03035173046567495 -0.0521712320306538 -0.001359581695535933
0.030349086433969198 -0.05217719101788526 -0.001341809899993579
0.030349086433969198 -0.05217719101788526 -0.001341809899993579
0.030277181986733015 -0.05218422477152575 -0.0013570505308658498
0.03027130871709722 -0.05218885251295102 -0.0013567604817773526
0.030296698803799177 -0.05222559146872727 -0.0013705503202604274
0.030302571411063753 -0.05222096427320767 -0.0013708431652223185
0.030315610397430873 -0.05225155850617354 -0.0014339756908581525
0.030280214640062017 -0.05227905257396169 -0.00143226596979254
0.030266999696802438 -0.052265704941330246 -0.0013554969787849258
0.030272930439834055 -0.052261138467637386 -0.0013557764432207131
0.030293643496876015 -0.05227239860905199 -0.0014151684859333435
0.030323108511213254 -0.052249471014956694 -0.0014165987425631688
0.030361572708355336 -0.05229445939479345 -0.0014772025949471024
0.030367618782574504 -0.05233192922251827 -0.0014148427094436145
0.030304292708542457 -0.05219326003369615 -0.0012175149450696088
0.03030417394186906 -0.052151225210538235 -0.0012801413399691486
0.030305193299006092 -0.05221081416596669 -0.0013833263268561713
0.03028749655711349 -0.05222456093207983 -0.0013824736041086472
0.030259480272804985 -0.05220935409396921 -0.0013009232408958127
0.030247677752237127 -0.052218547195610726 -0.0013003511661709155
0.030226152205561685 -0.052229075116835166 -0.0013317651741277248
0.03023202560027339 -0.05222444749355781 -0.0013320559912383123
0.030256262429953343 -0.0522079848920462 -0.001318537675803172
0.030244495954809714 -0.052217164687546294 -0.0013179613418000946
0.03029323290777431 -0.05226858428734149 -0.0014214021624751605
0.03032269792211155 -0.0522456566932462 -0.0014228324191049857
0.03029253672903571 -0.05220477331448668 -0.0012965546918904114
0.03032810480067094 -0.05221937669423128 -0.0012356231210614854
0.030399548586560667 -0.05219689889291976 -0.0012679972271505968
0.03038168028562687 -0.052168546155973064 -0.0013297782246245449
0.030363551815138508 -0.05214696828921775 -0.0012851757944878917
0.030357658185600975 -0.05215152125168811 -0.0012848915986395093
0.03030454635539622 -0.05219167687262195 -0.0013147603678565767
0.030298673210867814 -0.052196304732171225 -0.0013144710867953602
0.03030717008367225 -0.052208910197530226 -0.0013719509319599643
0.03030123957687344 -0.05221347692727457 -0.0013716730092735163
0.030282321991528076 -0.052212784797509085 -0.0012960633698975432
0.030276603775001645 -0.052259433700271585 -0.0012331451379500313
0.030217620650131373 -0.052248500965554626 -0.0011532252837389845
0.030205642059029272 -0.05221559865049995 -0.0012152900420184798
0.030295198742925952 -0.05227123734066508 -0.0014152366119039306
0.030271569824047773 -0.05228955053572046 -0.0014141003635189664
0.030290132587660994 -0.05229641179355722 -0.001406854592793938
0.030307867763642117 -0.052282651316636494 -0.0014077081198382857
0.030269636160226925 -0.05223400860110708 -0.0013762772739035756
0.03028146052805518 -0.052224889281242054 -0.0013768386888075301
0.030305228522161803 -0.05224732261818614 -0.0014521101473915221
0.030305228522161803 -0.05224732261818614 -0.0014521101473915221
0.030318705260330342 -0.05216095155289496 -0.001302754636061193
0.030330472451740642 -0.052151770937370265 -0.0013033326574398707
0.030302558257707723 -0.0521793250932044 -0.0013155800616089786
0.030302558257707723 -0.0521793250932044 -0.0013155800616089786
0.030415431685913312 -0.05224566276773758 -0.0014846670567597864
0.030445124149604097 -0.05226489521331497 -0.0014234346847542545
0.03037835963420369 -0.05216476539558712 -0.0012190842167728866
0.030389990596204293 -0.052113471016579274 -0.0012822915447243122
0.0303770131422392 -0.052115770917208495 -0.0013053439317798898
0.03034162024976727 -0.052143265521740007 -0.00130363340545403
0.030339221650121255 -0.05220897702558214 -0.00137775242023358
0.030327397393457398 -0.052218096577230505 -0.0013771895340504436
0.030265508445120992 -0.052182715245429306 -0.0012849120294326222
0.030271402072950204 -0.052178162404580106 -0.0012851939845318072
0.03028803022213125 -0.0521260923567787 -0.0012155649792665035
0.03025263901503411 -0.0521535829089957 -0.0012138445864168512
0.030252655396895166 -0.05231011124201017 -0.0014383391226998055
0.030252655396895166 -0.05231011124201017 -0.0014383391226998055
0.03023403652620628 -0.05228916501072159 -0.001393559861680549
0.03023403652620628 -0.05228916501072159 -0.001393559861680549
0.03025146269590115 -0.05230801804175837 -0.0014787026382700186
0.030221955412199228 -0.052289098087476504 -0.0015403924620247533
0.030240163949955566 -0.052159509123792344 -0.0013816572998359422
0.030309028422228233 -0.052151918200921465 -0.001315645109307234
0.030309028422228233 -0.052151918200921465 -0.001315645109307234
0.030264699036912972 -0.05208582181761054 -0.0014645700140329676
0.030264699036912972 -0.05208582181761054 -0.0014645700140329676
0.030345139937391574 -0.05215654043843326 -0.0012676538075029609
0.030345139937391574 -0.05215654043843326 -0.0012676538075029609
0.030327011338191066 -0.05215010364750837 -0.001298021564266283
0.030327011338191066 -0.05215010364750837 -0.001298021564266283
0.03031782919608194 -0.052149147902124424 -0.0013099301602230717
0.03031782919608194 -0.052149147902124424 -0.0013099301602230717
0.030335140448023434 -0.052139750107602925 -0.0013045483902531796
0.030335140448023434 -0.052139750107602925 -0.0013045483902531796
0.03032328981752338 -0.05214069704569069 -0.001316471006046871
0.03032328981752338 -0.05214069704569069 -0.001316471006046871
0.030327422097205695 -0.05215391793571464 -0.0012917893786656698
0.030327422097205695 -0.05215391793571464 -0.0012917893786656698
0.030292903488095976 -0.05218086108962683 -0.0012898808368721204
0.030292903488095976 -0.05218086108962683 -0.0012898808368721204
0.030292903488095976 -0.05218086108962683 -0.0012898808368721204
0.030292903488095976 -0.05218086108962683 -0.0012898808368721204
0.030292903488095976 -0.05218086108962683 -0.0012898808368721204
0.026865162568798368 -0.040772089234229286 0.017378529801154896
0.026865162568798368 -0.040772089234229286 0.017378529801154896
0.028925315745280296 -0.04782982377209839 0.00585561393089537
0.028925315745280296 -0.04782982377209839 0.00585561393089537
0.028925315745280296 -0.04782982377209839 0.00585561393089537
0.028925315745280296 -0.04782982377209839 0.00585561393089537
0.03024525835437407 -0.05222473847087916 -0.0013054998747697166
0.03024525835437407 -0.05222473847087916 -0.0013054998747697166
0.030262113691327384 -0.0521510375879279 -0.001221536927097172
0.030262113691327384 -0.0521510375879279 -0.001221536927097172
0.03031802763744637 -0.052205802815911875 -0.0013452120804443302
0.03031802763744637 -0.052205802815911875 -0.0013452120804443302
0.030288588061613206 -0.05227641583391908 -0.0014147023652113788
0.030288588061613206 -0.05227641583391908 -0.0014147023652113788
0.030228482123835325 -0.052248408534658536 -0.0013236164275648443
0.030228482123835325 -0.052248408534658536 -0.0013236164275648443
0.030217876922100984 -0.052243297130271454 -0.0013073392041553222
0.030217876922100984 -0.052243297130271454 -0.0013073392041553222
0.030261121363070728 -0.05214698844879631 -0.0012141448397523513
0.030261121363070728 -0.05214698844879631 -0.0012141448397523513
0.03040664445970888 -0.05230688274363714 -0.0015622739958214282
0.03040664445970888 -0.05230688274363714 -0.0015622739958214282
0.03024658282485722 -0.052228281752422764 -0.0013128541489012269
0.030246639458319034 -0.052228343498304824 -0.001312845571822041
0.030203179970368345 -0.05224523644787592 -0.0012960334803677753
0.03023019744620907 -0.05219942418105923 -0.0013348348674472044
0.030266513954938255 -0.05235715804982398 -0.0015814691381652035
0.03025044007568243 -0.05238615751982009 -0.0015557148178418356
0.030425957004552008 -0.0524751055689814 -0.0018342194043715343
0.03042683405670321 -0.052482801067176954 -0.0018217260934525747
0.030451115032456483 -0.05234413172399499 -0.0016561069353993318
0.03049079980895033 -0.052313184061842086 -0.0016580463524214495
0.03048855375253525 -0.05236503785364009 -0.001725829182824573
0.03048306446544103 -0.052373404669110696 -0.0017193190943532444
0.030400880006736693 -0.05232297832770286 -0.0015775870904675415
0.030378955298116954 -0.0523181139809107 -0.0015602003357133853
0.030352623454167414 -0.052201325803237664 -0.0013771762989141234
0.030339362797933915 -0.052164248451929324 -0.001362743385225823
0.030292498700009933 -0.05211087437319714 -0.001248125143597928
0.030238066840841592 -0.052140982296971325 -0.0012640974687616602
0.03023781012814212 -0.0522376846578234 -0.0013946598389714404
0.03025465364504492 -0.05223265411630107 -0.001383228788849361
0.03023229512627608 -0.05220978159682449 -0.0013331214101878486
0.030235274624142598 -0.052169784902178565 -0.0013899890767922196
0.030236276585573457 -0.05222389412591642 -0.0014630213410529724
0.030205045763477274 -0.05224825933020924 -0.0014613880448455796
0.03025626777727912 -0.05231553821318166 -0.0015994905083696331
0.03032035359593334 -0.05232385853690351 -0.0015147016321570006
0.030304352257905925 -0.05229217863165418 -0.0014577110046765096
0.03026934305437226 -0.05230712492452816 -0.001474761258403512
0.03029448422639073 -0.0522903808904685 -0.0014747934477425673
0.03030170659914834 -0.052230489845268055 -0.0015569019025158948
0.030326301464839098 -0.052310969286302966 -0.0016872577308954806
0.030348569254538417 -0.05236429770881544 -0.0015815499132279531
0.030348569254538417 -0.05236429770881544 -0.0015815499132279531
0.030344466656527062 -0.052342957334947385 -0.0016187397783156976
0.03037090092908836 -0.05227030357688853 -0.001543958942927276
0.030349392378647623 -0.052241676233738266 -0.001454288442018753
0.030305900299668842 -0.05227830827872944 -0.0014650486081355663
0.030331519514728227 -0.05230261686782288 -0.0015205594015647306
0.030331519514728227 -0.05230261686782288 -0.0015205594015647306
0.030326852952864428 -0.052318616137834256 -0.0015015737668138962
0.030326852952864428 -0.052318616137834256 -0.0015015737668138962
0.03032781420806816 -0.052282584127315984 -0.001457693854463954
0.03032781420806816 -0.052282584127315984 -0.001457693854463954
0.03032083273762281 -0.052292719720569814 -0.0014742313234896443
0.030389327276039067 -0.052327669898045326 -0.0015835127424108364
0.030397855629887602 -0.05232932261266103 -0.001571312348735282
0.030397855629887602 -0.05232932261266103 -0.001571312348735282
0.030372846796322184 -0.052327128809129694 -0.0015669924235977017
0.030304352257905925 -0.05229217863165418 -0.0014577110046765096
0.03034560834975116 -0.052298734275233155 -0.0014609054566591118
0.030414103727688976 -0.0523336838722159 -0.0015701870888112368
0.030361794523485558 -0.05230189446072775 -0.0015683764792680799
0.030291806953550576 -0.05222176824415736 -0.001396109589383021
0.030351803631649986 -0.05229731531917893 -0.0015092120839198253
0.030423289550198893 -0.05242262090309138 -0.001744472234378791
0.030462199005213624 -0.05244134752236751 -0.0018041634087876401
0.03059891135419731 -0.05251184472319391 -0.0020229365361328078
0.030555401598841403 -0.052475993951317565 -0.001965881241459161
0.030545120611620694 -0.05242529499721571 -0.0019213471040122887
0.03047222113082787 -0.05237353028564877 -0.0019003367391630388
0.030317772316087545 -0.05227596229645652 -0.0016180848604770148
0.03035167219096327 -0.05228938376995303 -0.0016687710598547734
0.030433656689661276 -0.052342352225668534 -0.0018602146974234512
0.030384793028806374 -0.05224585736105422 -0.001801347846482726
0.030299696030301908 -0.052077332670661045 -0.0013901497292283516
0.03026719745298525 -0.05212850626423042 -0.0011960916339172623
0.030124982836109516 -0.05205842418050555 -0.0009836097384908482
0.030114391328013218 -0.0520533274291774 -0.0009673638205471291
0.030050978305670197 -0.05201446021074514 -0.0008577922673224936
0.0300896158106475 -0.05203764848763971 -0.0009245168096293221
0.03020597183401772 -0.052108656908676235 -0.001173843223176818
0.030239223283754807 -0.05208296209704087 -0.0011736318068048812
0.030269950619636922 -0.05206997304806883 -0.0011498476474023356
0.030280988987092826 -0.05209649365188118 -0.0011979443028715397
0.030273844346140028 -0.052224453064349766 -0.0014107152357059893
0.030289794615387604 -0.05227830697246355 -0.0014939777479450744
0.030416569518066754 -0.05243282784597862 -0.0017379867338914723
0.030488844558268703 -0.052496239979744744 -0.0018888282154597147
0.030581708583268037 -0.05254096241342032 -0.00208066003416843
0.030583183782357713 -0.05249998730130245 -0.002031569369092795
0.03051001968045943 -0.052476354864610206 -0.0019098490615246655
0.030457143375582807 -0.052468604333477886 -0.0018476307237458578
0.030407497901307978 -0.052409280087640855 -0.0017449631628467799
0.030377769170607798 -0.052366413625793765 -0.0016593441311609225
0.0302441264321364 -0.05221359308414132 -0.0012963825743809998
0.03023305784328681 -0.05216479449009438 -0.0012219468216156382
0.030224937888386517 -0.0520239386252781 -0.0010460650215694256
0.03021434449174505 -0.05201884127210965 -0.0010298166697928768
0.03015663522880234 -0.051949810347442435 -0.0008269719702201639
0.030184813498240544 -0.05198767023031553 -0.0007885558851802865
0.030254775982972222 -0.052067762269378065 -0.0009607374862619367
0.03026070493851902 -0.05206319671321959 -0.0009610179531449603
0.030278031495887217 -0.052170970755617704 -0.001168364402384492
0.03027145518706518 -0.05218694912958201 -0.0012975100836228604
0.030358119432893675 -0.052281982030902396 -0.0015518939208443439
0.0304076909674518 -0.052353852110254326 -0.0016929193018176136
0.030456013645397226 -0.05245682346391495 -0.0018641344911518865
0.030461640180803606 -0.052478976960889615 -0.0018977130128523256
0.030523927043190756 -0.05256510143210383 -0.002069764409565189
0.03046481308581251 -0.05251829452019459 -0.0019491600292095845
0.03042067464404001 -0.052433001238356244 -0.0017465692581979664
0.030401680638545862 -0.05249134328966068 -0.001807510494664849
0.030264885806172585 -0.05250964219639205 -0.001720569913318537
0.03024251978056746 -0.052390816570553445 -0.0015400394794999328
0.030263681763523002 -0.05213316985744737 -0.0012333899285794925
0.030264164090183433 -0.05213234256238085 -0.001239004723584347
0.03023769866654074 -0.05222666036140268 -0.001275893938727679
0.030223758887991344 -0.052193061517531725 -0.0012208624748077657
0.03011537999089238 -0.0520775402970064 -0.0010216243301518213
0.030142551292660358 -0.052105524730321304 -0.0010807493488048103
0.030147494865251062 -0.0521263712546195 -0.001043622277623557
0.03017860237813879 -0.052188532900750664 -0.0010366883733099463
0.03024443833954947 -0.05225541760644112 -0.0012335923952271344
0.0302017843628277 -0.05219787474974617 -0.0012327447170849826
0.030247776531434713 -0.052159209678603685 -0.0012222150424272271
0.030260161704809947 -0.05216694076937539 -0.001247604283070497
0.030247581694656335 -0.05224509924371937 -0.0012846465044962507
0.030263088606707275 -0.05227970363814925 -0.0012279990810941943
0.030255016889417126 -0.052256941984870534 -0.0012715822803580912
0.030286903219382225 -0.05222573561704717 -0.0013758869657111983
0.030352137381444246 -0.05217504417232578 -0.0013533552838250196
0.03034592201925642 -0.052136041390696344 -0.0012950821202837859
0.03031843351699145 -0.05197768767692301 -0.001043277552806643
0.03029478914752738 -0.0519737266902552 -0.0010158230545855018
0.030265792599383737 -0.05200203467581199 -0.0010144934864723953
0.03018689487967758 -0.05200115493325594 -0.0009372104227913791
0.030129133132695857 -0.05201645563132695 -0.000872163874298143
0.03013800133703958 -0.052022438745553415 -0.0008919251260346428
0.030047439943181133 -0.05203587970950775 -0.0008755510066726091
0.030062198168272145 -0.052059564680467574 -0.000921989814678198
0.030058476966554157 -0.05205016787039558 -0.0009404193434268404
0.030086595308541728 -0.052068335922346234 -0.0009909239212284315
0.030093667964952164 -0.05216775004954101 -0.0010981738828197418
0.030118366304359177 -0.0521795723374603 -0.001136106476982951
0.030230928318340095 -0.05221515916186824 -0.0013101127817809477
0.030252112673088007 -0.05222535061212667 -0.0013426065829081346
0.030308322356411316 -0.05228800604132182 -0.0014325653536849392
0.03033604165131388 -0.05226255845735597 -0.0014250611465327634
0.030383554444204812 -0.052196595612592975 -0.0014455944883390859
0.030361614547548745 -0.05219169218747802 -0.00141451597940781
0.030364171635227644 -0.0521053208164671 -0.0012768852579255197
0.030379541316294632 -0.05209791236767805 -0.0012828983169601293
0.030375818323550345 -0.0520885020188941 -0.0013013603017730524
0.030350117871613007 -0.052064140786470814 -0.0012457048974240659
0.03030896802328658 -0.051980576270124354 -0.001037459024382431
0.0302429325644423 -0.051956153071727004 -0.0009450297179456613
0.03014750492382349 -0.0519695052781962 -0.0009342131953610777
0.03013876355142387 -0.05198930501691704 -0.0009531450671257935
0.03009863868139874 -0.05209019960596521 -0.0009957328385089836
0.030119605846628032 -0.05212714834963483 -0.001061775190898312
0.03006803763344617 -0.05208177959496864 -0.0009405180023644155
0.03002851560893894 -0.05211640855231267 -0.0009474319601763537
0.03002564083466662 -0.052199053469442674 -0.0010913567820643177
0.03003481151938242 -0.05218108837209867 -0.0011935201151348773
0.030098941553967994 -0.052274944668369835 -0.0013596655080532205
0.03011751475889668 -0.05222295900411897 -0.0011974315777839029
0.03014500316195967 -0.05211579598888674 -0.0010543350381449212
0.030220120140580925 -0.05216392759939219 -0.0011857703060545732
0.03031320006203414 -0.05221676946387381 -0.00136509284270514
0.030334021421807203 -0.052161052406772365 -0.0013132778105125753
0.03042434490450737 -0.05214737603342463 -0.0013297052546675237
0.030439247364336675 -0.052165206965408356 -0.0012484618946588533
0.030458022237836453 -0.05209071910208103 -0.0011989657141749932
0.030456430331683472 -0.05206736893100038 -0.001284358168130717
0.030370864980211285 -0.051991120491953646 -0.0011238432334056692
0.03029773980834187 -0.052007841360575166 -0.0010729915233225196
0.03026066431436327 -0.052085837440454 -0.0011468027872804376
0.030278359738926605 -0.05207209197989068 -0.0011476618316186293
0.030280401031865835 -0.05209116763580475 -0.0011165122141233719
0.0302377213738022 -0.05219201329058108 -0.0010943067454200761
0.030058685320574867 -0.05223356401048042 -0.001036812477498622
0.03003433448395989 -0.052148479308446835 -0.0010211506063176612
0.030035558231430975 -0.05215992406640442 -0.0010024711519654173
0.030097016519276015 -0.05225613427106818 -0.001067042297813403
0.030187625766337378 -0.05230660453236208 -0.0012525581283045761
0.03016408071291838 -0.05221663313049098 -0.0012299126806662175
0.030184376469680703 -0.05215299604982962 -0.001161608723451918
0.030218831162081683 -0.05215754649406032 -0.001198179374899494
0.030353678388733173 -0.05217875293296924 -0.0013605442387187305
0.030359900267066753 -0.05216976374344161 -0.0013538693427918858
0.03035617918870926 -0.052160356835216845 -0.0013723189203934116
0.030374120704576936 -0.052164455684582695 -0.0013923239790280817
0.03044445204542106 -0.052163976453953 -0.0014207141569913262
0.03043004822793243 -0.05216157198615595 -0.0014061290493798673
0.030375691458503495 -0.05218252386160516 -0.0013286245082087256
0.030369203867395847 -0.052195975836843406 -0.0013424724060150939
0.030255403488265428 -0.052148942520681765 -0.0011871685748574834
0.030256795444409672 -0.05215455636071864 -0.001082552079494703
0.030243454413019122 -0.05217440272580043 -0.0010757627227291067
0.03024366372131139 -0.05217586944641597 -0.0011964227521011062
0.03014661184296656 -0.05220674398296872 -0.001161038823165067
0.030137309192876542 -0.0522516622546937 -0.0010926470319896076
0.03014952897276349 -0.05227462293371106 -0.001168244839171273
0.03009095006261546 -0.052224971849439764 -0.0011614409003778414
0.030088960349131035 -0.05217573933084374 -0.0011051292421314918
0.03011406295156001 -0.05216103259668736 -0.0011098516362099131
0.03017167889136036 -0.05214213374957884 -0.0011807593372510083
0.03021307414330745 -0.05217226028422696 -0.0012542383160143722
0.03028794047083535 -0.05214633169155758 -0.001307457740516632
0.03024011082572549 -0.052102041274964955 -0.001317381719352223
0.03032432906561018 -0.05212878072475395 -0.001421163969230116
0.03038785368557695 -0.05216121621867591 -0.0014102610258578119
0.030380921735229015 -0.052104265971076605 -0.0012475841900048135
0.03038528523801911 -0.05209606385440023 -0.0012443315062733717
0.030332960573076863 -0.052127281553061136 -0.001273328299554649
0.030298828288484285 -0.052118309587336 -0.001229690401688216
0.030254668331618696 -0.052063215877280036 -0.0011146772690010798
0.030247406436950612 -0.0520643447554074 -0.0011110181987729062
0.030154118210704142 -0.05210020858049211 -0.0010636642069185298
0.030116357081950262 -0.05208944739092851 -0.0010145452571646008
0.030104274618608734 -0.05206233490282618 -0.0009449582085780395
0.030139840241065675 -0.0520769412360893 -0.0008840559661325575
0.03015453066751611 -0.052102086704149536 -0.0009536312422892823
0.030170796832613214 -0.05210497587018399 -0.0010853468790609222
0.03020663111555609 -0.05210454546378332 -0.0011615828455918686
0.0301798296070432 -0.05209450956893051 -0.0011216011233534384
0.030231323433895778 -0.052109832869802905 -0.001155447373360985
0.03025401400883488 -0.05210131202610402 -0.0011653150641710575
0.030289116963764323 -0.052121420196565474 -0.0012108432213113751
0.03029699615845481 -0.05218172735770446 -0.0012917157556440462
0.030321991336538262 -0.052199107697697034 -0.0013614114231458307
0.030310211106679273 -0.05218601952368555 -0.0013345318851109844
0.03027899119366511 -0.05216126523513387 -0.0012830644509533584
0.03022000630770246 -0.052120738181257564 -0.0012908661234714014
0.030185317437212193 -0.052104447140262106 -0.0012391033148998198
0.030235584076631343 -0.05214254196264277 -0.0012241578363227645
0.030206436399304683 -0.05218437792723189 -0.0012107309532470578
0.03017726187200078 -0.05213608828189471 -0.0011234623536954536
0.030092949844788143 -0.05205077728696342 -0.0009754200122332191
0.030057525110789365 -0.052055990194180404 -0.0009473697808217441
0.030015100854188258 -0.052104097411077493 -0.0009394147363230576
0.030023424957556173 -0.052115560521868096 -0.0009609113179679385
0.030096408049125542 -0.05211300327738719 -0.00098958787698461
0.030096350813212297 -0.052112942261649434 -0.0009896000361205026
0.030096350813212297 -0.052112942261649434 -0.0009896000361205026
0.030163394550374915 -0.05216095565711715 -0.000996466546082292
0.03022866880235301 -0.05210586981148471 -0.0009803539608718714
0.030222450482722936 -0.052098501329922 -0.0009985619098644705
0.030223134159060923 -0.05209820930186032 -0.000998759299568358
0.030227721019818486 -0.052090317075081355 -0.0010054725678120824
0.03023338066550732 -0.05204360753168463 -0.0010683923856955047
0.03023338066550732 -0.05204360753168463 -0.0010683923856955047
0.030227451591951685 -0.0520481729598668 -0.0010681111485397465
0.03023087525371463 -0.05205383471319501 -0.0010556605142208186
0.030236804327270266 -0.05204926928501284 -0.0010559417513765768
0.030228793804749757 -0.0520514997584636 -0.0010616791174517803
0.030205228163440415 -0.052069870558773185 -0.0010605271215802237
0.030190776081920383 -0.0520645948853348 -0.001084932627310381
0.030178953868274072 -0.05207371232241005 -0.0010843651240690644
0.030197534347023783 -0.05209221084909077 -0.00103527893214439
0.030209356560670093 -0.052083093412015516 -0.0010358464353857066
0.030210225783212606 -0.05206579262020049 -0.0010610082042233349
0.030227898517386713 -0.05205197407950128 -0.0010618754701989253
0.030233112838747737 -0.05204803772204178 -0.0010618953175376422
0.03026280417156415 -0.05206727243362495 -0.0010006964805576724
0.03026280417156415 -0.05206727243362495 -0.0010006964805576724
0.03026280417156415 -0.05206727243362495 -0.0010006964805576724
0.03026280417156415 -0.05206727243362495 -0.0010006964805576724
0.03026280417156415 -0.05206727243362495 -0.0010006964805576724
0.03026280417156415 -0.05206727243362495 -0.0010006964805576724
0.03026280417156415 -0.05206727243362495 -0.0010006964805576724
0.03026280417156415 -0.05206727243362495 -0.0010006964805576724
0.03026280417156415 -0.05206727243362495 -0.0010006964805576724
0.03026280417156415 -0.05206727243362495 -0.0010006964805576724
0.03026280417156415 -0.05206727243362495 -0.0010006964805576724
0.03026280417156415 -0.05206727243362495 -0.0010006964805576724
0.03026280417156415 -0.05206727243362495 -0.0010006964805576724
0.03022735761394188 -0.05205021221590768 -0.0009463218511215343
0.03020894032189301 -0.05215866658011639 -0.00107702560621048
0.030191271789778054 -0.05215016107889202 -0.0010499181816674141
0.030144414194918936 -0.05209679254610232 -0.0009353120794065861
0.030141835854355967 -0.05210760169221783 -0.0009476587551277837
0.030141835854355967 -0.05210760169221783 -0.0009476587551277837
0.030148891763468848 -0.05211099311793724 -0.0009584776529716343
0.030125781282273896 -0.05208425810886837 -0.000900880010036964
0.030162062852469626 -0.05211371098501581 -0.0009727631928778957
0.030185173333664578 -0.05214044599408468 -0.001030360835812566
0.030201980269845406 -0.052136539136217436 -0.0010399121408547207
0.030270705521751907 -0.052171709777085504 -0.0011491149913751553
0.030288371748313628 -0.052180211629438186 -0.0011762128268012761
0.030378100573377906 -0.052197039993865116 -0.0012803301584525806
0.030387772713702743 -0.0521896588062183 -0.0012788769246007414
0.03037711028845081 -0.0521845259092311 -0.0012625210866941683
0.030353903514745213 -0.05215754449098331 -0.0012053092732560444
0.03034330899819245 -0.05215244614842421 -0.0011890597104780576
0.030296540059706695 -0.052099320314820646 -0.001074057396707212
0.030266459857736884 -0.05206087321501396 -0.0009954803447997929
0.030296745010407557 -0.05209844858399801 -0.0010284383338890757
0.030259665271467902 -0.05208024989108735 -0.0010857617251525398
0.030219169286809004 -0.052050688077380766 -0.0010523039090231945
0.03019775476061303 -0.052089469751216144 -0.001079426284529672
0.03010298412340117 -0.05202597484579671 -0.000918815445095672
0.03011687995626356 -0.05203732912781496 -0.0009476864847422217
0.03012113277111122 -0.052109859695352326 -0.001098355171194637
0.030126699584378268 -0.05210964496942391 -0.0011055672091171143
0.030121476877539542 -0.052113572559666865 -0.0011055720174804051
0.029632357411563302 -0.05184971226631899 -0.0005389416480712506
0.029632357411563302 -0.05184971226631899 -0.0005389416480712506
0.029188671295737184 -0.05150170552731256 0.00033277563988021175
0.029000283054106353 -0.05134368465405734 -0.00011926337088510874
0.028270545855714486 -0.05100368366311685 -0.0011605492751018132
0.028240908855422187 -0.05098554839457552 -0.001221488758526873
0.027729452689191608 -0.050933481987398166 -0.0009144626098473163
0.027627645847060935 -0.05096377764149107 -0.0009842191346443874
0.02684277004344248 -0.051069138656125 -0.0011912031901019082
0.026759421222809075 -0.0511426058017547 -0.001174942552462449
0.02656426563280013 -0.05129389002244014 -0.0011654827303053394
0.02652727302348061 -0.05131035667671405 -0.0011825274075515368
0.02609185742852832 -0.05156258411758169 -0.001112497644817495
0.026078631094706227 -0.05161849893713731 -0.0010432222197294394
0.025989774153820575 -0.05175736888200705 -0.0010197648739568022
0.025992696775699382 -0.05178403734001481 -0.0009762639952091978
0.025932424201360986 -0.05175960423351249 -0.0008818809899399371
0.0259086665173774 -0.051745104433410447 -0.0009306201112697643
0.026018358282495026 -0.05172043463642964 -0.0011094257417409992
0.02603752986678133 -0.05169303151763127 -0.001129037415918438
0.02612838097837429 -0.051617300176353895 -0.001118138668381008
0.026134856930684812 -0.051575098175776796 -0.0011744158465620824
0.026408617734409626 -0.05135826758082415 -0.0011368601333406336
0.026450293130036474 -0.051284189280187936 -0.0012013449434505608
0.02689056261657472 -0.0507365873142199 -0.0011127627977191024
0.026970296854431204 -0.050579020179985834 -0.0012599709918218738
0.02757886344422039 -0.050020518040956405 -0.0013368042913229072
0.02757886344422039 -0.050020518040956405 -0.0013368042913229072
0.027847072969945583 -0.04973520670060076 -0.0011880746511452323
0.028043970365372428 -0.04951047112750484 -0.001303812759127304
0.028868542307768322 -0.04904923736459929 -0.0012907766013070532
0.028921626175350545 -0.048978443876998415 -0.0013371404716978619
0.029227595404925907 -0.048888376927406635 -0.0012881029757775275
0.029262714547900776 -0.04888141665777582 -0.0012587993605354397
0.029449384723593174 -0.04897161194083313 -0.001323917945183467
0.029472643534141883 -0.04898240177827795 -0.0012813569079808962
0.02952315162432992 -0.04903312354312331 -0.0011678987985634381
0.029531696050348465 -0.04900975946771041 -0.0011933381233273643
0.029773888530253263 -0.04913186941239914 -0.001346267596791767
0.029804459495914044 -0.04910788231463896 -0.0013476966613463759
0.030098197620208503 -0.0491600010302376 -0.001458483884909656
0.030118594006594182 -0.049144044143157 -0.0014593633685449914
0.030350249338734724 -0.049270720708626245 -0.0016145727752075179
0.030375926188221526 -0.04930431280500128 -0.0015349394756807022
0.0305783469296008 -0.049600528054189866 -0.0016616035840879007
0.03060352070069987 -0.049630300891197784 -0.001588276962395635
0.03058625917078455 -0.050120345492162544 -0.0015298313779726902
0.030591155389764285 -0.05016620951166968 -0.0014552813934308184
0.030577261428153396 -0.05100719917953975 -0.0016304471442054047
0.03057941330570898 -0.051129786230227445 -0.0014435045351253728
0.03082938424476244 -0.05225176428842654 -0.0017547362804863909
0.03082938424476244 -0.05225176428842654 -0.0017547362804863909
0.031157737155852183 -0.052856319612235705 -0.002869987207478525
0.031209394148416093 -0.05303075245181342 -0.0025484379540480218
0.03173814209613225 -0.05434373747292254 -0.0009020179204635159
0.03173814209613225 -0.05434373747292254 -0.0009020179204635159
0.03191975377356693 -0.0541096659138096 -0.0007473392337717377
0.032052078897418596 -0.0541339095896044 -0.0005606887890818035
0.03230119820718239 -0.05385853837015338 0.0009493467032269387
0.03230119820718239 -0.05385853837015338 0.0009493467032269387
0.03204579919378543 -0.053048882105603073 0.0022743287288745917
0.03217867967509658 -0.05297726362519589 0.002317137522527213
0.03199881900834032 -0.05166241372709353 0.004071195978893161
0.03203885181289104 -0.05157295168315658 0.003982420197273601
0.031492769730552955 -0.05008119482464579 0.0055231962379424515
0.031548461439094705 -0.0500621450920261 0.005557568558064857
0.03065762011860567 -0.048581008242881196 0.0077529190646208335
0.030731212320346722 -0.048601570901149735 0.007866330334953486
0.029575073994918412 -0.04706147389853675 0.011191552246243408
0.029626842799155235 -0.04710775835847107 0.011318191989453885
0.028272013927609745 -0.04571604932418666 0.01544773838555466
0.028361141477694883 -0.04590268142229924 0.01582241827844383
0.026631867453120066 -0.04441770723628691 0.021108892583020678
0.026631867453120066 -0.04441770723628691 0.021108892583020678
0.024229497507136932 -0.04223504667629015 0.026208161661656154
0.024229497507136932 -0.04223504667629015 0.026208161661656154
0.021831941736360543 -0.03994579876199944 0.03144600791047772
0.02215654802503314 -0.04088724676205305 0.03316374698154492
0.020525753396564622 -0.041465325398416325 0.04380352462034101
0.020625557633692435 -0.04185008417632466 0.04446478576023727
0.01809632023538621 -0.040443228113428736 0.05246359533106032
0.018706380795992718 -0.04211019299404711 0.05548643983998747
0.015740974151404172 -0.03913980758023709 0.06205807021129897
0.015740974151404172 -0.03913980758023709 0.06205807021129897
0.012789603490265443 -0.036232467082548736 0.06853362541064079
0.014234004555714296 -0.039768531653470024 0.07499438405172729
0.010747000172154804 -0.03638819500712229 0.08251487512229225
0.011581111277553582 -0.038409111992586134 0.08618034981695305
0.007971201501860717 -0.034835711933541014 0.09403050758461806
0.008868893128020437 -0.036943903960792265 0.0978440308369882
0.005125724580619495 -0.03308997895916349 0.1061395600093401
0.005125724580619495 -0.03308997895916349 0.1061395600093401
0.0011068418423920978 -0.029042411141918634 0.1149313255856276
0.003304022246307124 -0.033808073098876 0.12352840239636981
-0.0007449783954993558 -0.029711597004062618 0.13231443361611764
0.00040699063602549906 -0.03218644026055785 0.13673709013088767
-0.003729251684428045 -0.027999362217215315 0.14566948342828526
-0.003729251684428045 -0.027999362217215315 0.14566948342828526
-0.008110908454753783 -0.023697957734204064 0.154960604813265
-0.005667920961779885 -0.02950039623912587 0.16483006243901235
-0.01013710650160548 -0.025152693048711344 0.1741381094710074
-0.008726389997566981 -0.028475899560019877 0.1797306994118967
-0.013529163219624156 -0.023794395711589394 0.1896753675082427
-0.012032512308293442 -0.027289887849730438 0.19549073537368053
-0.016973084212491225 -0.0226098053670893 0.2054741533292566
-0.015352794376488926 -0.026457594453965783 0.21176316048417743
-0.015352794376488926 -0.026457594453965783 0.21176316048417743
-0.013724105917894268 -0.030571293519317325 0.21839119300696264
-0.02382692069856259 -0.021237009769214443 0.23817542226420713
-0.02222922330761635 -0.025487377388361224 0.24475535851121863
-0.027429368623436118 -0.020911648582629727 0.25457528709683097
-0.0258031583433527 -0.02522402452048618 0.26116508884365
-0.031009340586874337 -0.020618891787546972 0.2709390386911581
-0.029461473387207004 -0.02494711289908605 0.2773872888812664
-0.03469170523872546 -0.020492953060989416 0.2869163956351005
-0.033084674354344756 -0.025056146652803812 0.2936003159491019
-0.038237138022370346 -0.02068604769223041 0.30288208505762015
-0.03639014355555653 -0.025570105696556975 0.3100501185605241
-0.04146848224438787 -0.021066181542315515 0.319335342476327
-0.03931268991647387 -0.02613477433727121 0.32687961570487867
-0.03931268991647387 -0.02613477433727121 0.32687961570487867
-0.03704915459342116 -0.031286794179579636 0.3346137479130675
-0.04650370215425975 -0.02228785995505239 0.35221777394355086
-0.04420846287328717 -0.027277249614010596 0.3595976779513181
-0.04863825949759985 -0.023211572492317464 0.3675907246017054
-0.04632937885609208 -0.028165238538440218 0.37485418920322233
-0.050330449486290105 -0.024593104075848332 0.38188664161560576
-0.0481567937538222 -0.02948226402391345 0.3888947178899025
-0.05197296779589276 -0.026161461090794785 0.3954384416569779
-0.049670853422450506 -0.03106840942770739 0.4024974011770242
-0.049670853422450506 -0.03106840942770739 0.4024974011770242
-0.04749288379675244 -0.03573867286207581 0.4092091929135942
-0.05417109469422214 -0.029770264380633085 0.4205891354495187
-0.05189447746441217 -0.03436618554184766 0.42717995112189555
-0.05495287086232581 -0.03146395881681327 0.4325193586042271
-0.05256381297070303 -0.03575054391251338 0.4388226917275053
-0.0553914462501697 -0.03272438091699842 0.44406904612596254
-0.05295401294390491 -0.036918848181361874 0.4502638400492408
-0.055629191233680916 -0.033802462056208724 0.45544121039450336
-0.053045419549576006 -0.03787557760559175 0.46157304733979865
-0.05559780493458512 -0.03468311121334568 0.4666879517791584
-0.05279810494389019 -0.038763660766520755 0.47294088713018473
-0.055030473148059644 -0.03573347209717824 0.47761101050449095
-0.05233184634805853 -0.03951163747520821 0.4834366718392808
-0.054289435091837784 -0.03694286507130344 0.4874046520399511
-0.05211962913239937 -0.04012687684626569 0.4922034173209512
-0.053786745121772034 -0.03823886759460372 0.4952577913408933
-0.05215360628364997 -0.040968818458051684 0.4991815613427954
-0.05337165789068635 -0.03975384619738728 0.5012363326493816
-0.052044268924622425 -0.04222757294834885 0.5046653358462578
-0.053042332140861084 -0.041348558951736364 0.5062260728800202
-0.05155678382766336 -0.043787678143484055 0.5097297855676785
-0.05224412176331232 -0.04293429241368753 0.5110407324487849
-0.05067157439023082 -0.04511124047498802 0.5143438444450595
-0.05118674823127439 -0.04420751464270743 0.5155778011204284
-0.04968610670980056 -0.0459694036232836 0.5184147609185521
-0.04991465533994362 -0.04492904077059272 0.5195781374171426
-0.04840263546611044 -0.046439628751672665 0.5221730761252612
-0.04852783312801916 -0.04550465910013414 0.5231601628736586
-0.04701245460571597 -0.04675860997605841 0.5255034165535615
-0.046938787218681444 -0.04593113909047741 0.5262482865029775
-0.04556955735101442 -0.04704704267161597 0.5283464295753054
-0.04546762110757714 -0.04642913168816158 0.5288697467416223
-0.044139272416850714 -0.04765873417818561 0.5310477415248123
-0.043927383980629245 -0.047272232417247415 0.5312751186912172
-0.0425231727675502 -0.04861964549414738 0.5336228024449962
-0.042132407786659 -0.048438736500450344 0.5335336489821066
-0.04058132131554751 -0.04983548762199609 0.5360375296945968
-0.03971157596421014 -0.04988436734615215 0.5354125506340783
-0.03799390923427466 -0.051211019151818346 0.5379763079423522
-0.036784804815202424 -0.05151059251800094 0.5368946394936875
-0.03496794205650905 -0.052674095341608426 0.5393796794867394
-0.03324310529870729 -0.053135591115321984 0.537810882513293
-0.03144396071872568 -0.05395562160004187 0.5399565424916034
-0.029328255030452624 -0.054668683050637684 0.5379051455026159
-0.027517912374169978 -0.055123778968490245 0.5397127548049019
-0.02504240030495996 -0.056094212532548815 0.5371950082469806
-0.023208080974487122 -0.05645148490748997 0.5389362625906228
-0.02042115765618005 -0.057485409969618956 0.5361686904254515
-0.018222574938202347 -0.05788752162730176 0.5382435495301829
-0.015203501766550678 -0.05875424257806175 0.5354989523696375
-0.012640755834959841 -0.05908960976101685 0.5378032730028184
-0.009303448341130408 -0.05958947773359495 0.5352168894256807
-0.006396825370252164 -0.05976199702708329 0.5376447535172422
-0.0029079622666485436 -0.05995796101862126 0.5352674045477265
-9.755638690170376e-06 -0.05963732790864783 0.537219196752204
-9.755638690170376e-06 -0.05963732790864783 0.537219196752204
0.0027817832093870176 -0.05885466582378322 0.5386612563340396
0.010355334148220235 -0.0591342371598642 0.5336887331177882
0.01321344218684041 -0.05821191762555969 0.5350505204317396
0.01710057489744938 -0.05817406887198427 0.5327071783203391
0.020247826403183365 -0.05742682781835938 0.5344970151389279
0.020247826403183365 -0.05742682781835938 0.5344970151389279
0.023777644676459507 -0.05643898669051445 0.5364044487135027
0.03174939140424961 -0.05482313314864895 0.5330953269573899
0.03542317376430001 -0.05350857623390226 0.5347985719212285
0.03949435144924874 -0.05199943347364168 0.5338093278926904
0.04310597578137585 -0.050113774418308804 0.5349182592915718
0.04723785103470456 -0.048294269468729764 0.5342193658510411
0.050893954903061825 -0.04610569059660384 0.535093003349318
0.05518855169668404 -0.04410136117240826 0.5345118901070751
0.058984530755372015 -0.04156936207062259 0.5351935131707853
0.06336259997496396 -0.03927419354846777 0.5348822092902223
0.06736830674920041 -0.03659792740365567 0.5356355821374588
0.07184225402690769 -0.034051522592680475 0.5355529835428688
0.07597272897286067 -0.031135962479487175 0.5362176355366428
0.0805673538073165 -0.028488978782646168 0.5362124720197801
0.0848418255444798 -0.025524783527302114 0.5369982574240902
0.08943125188958118 -0.022735286480229516 0.537182205975212
0.09360729933977344 -0.019512852099427866 0.5376739388641897
0.09811369901053399 -0.016592153618936303 0.5380817301704006
0.1021837842509003 -0.012906547622917333 0.5380723050667816
0.10657065422682241 -0.00966667697570546 0.5389110467964984
0.11055486935086299 -0.005543181050780513 0.5384462667566324
0.1148538199536992 -0.002047382628191291 0.5396420315557293
0.11882483068032365 0.002577076348653215 0.5387297456276321
0.11882483068032365 0.002577076348653215 0.5387297456276321
0.12273909003468189 0.007390203273807822 0.5377230253401353
0.13076134786712815 0.01529261811266229 0.5414327947832096
0.13454895108133064 0.020447881037059648 0.5399573618613607
0.13454895108133064 0.020447881037059648 0.5399573618613607
0.1382148994439795 0.02598360802214747 0.538145981492871
0.1382148994439795 0.02598360802214747 0.538145981492871
0.14159304073700993 0.0318664258573529 0.5358709914409359
0.14159304073700993 0.0318664258573529 0.5358709914409359
0.14466804341249206 0.038209471251708024 0.5330055094466601
0.14466804341249206 0.038209471251708024 0.5330055094466601
0.14749432557034806 0.04513839708787992 0.5294817791147548
0.14749432557034806 0.04513839708787992 0.5294817791147548
0.15025262226833233 0.05253379954917016 0.5256030641338634
0.15025262226833233 0.05253379954917016 0.5256030641338634
0.15025262226833233 0.05253379954917016 0.5256030641338634
0.17006280898600562 0.0859416767342694 0.5503769041403657
0.17006280898600562 0.0859416767342694 0.5503769041403657
0.17161667650177326 0.09156503705459272 0.556057523364512
0.17161667650177326 0.09156503705459272 0.556057523364512
0.17273420264358053 0.096964499975419 0.5618122051438046
0.17273420264358053 0.096964499975419 0.5618122051438046
0.17385796706107376 0.10224194844466356 0.5675399999268284
0.17385796706107376 0.10224194844466356 0.5675399999268284
0.17463645952900325 0.10742290425333646 0.573413037790245
0.17472495636068833 0.1086221602301846 0.5748435215534883
0.1751337128637652 0.11242431975899335 0.5792842502077469
0.19188212702428495 0.17443687726073548 0.5426918378556264
0.19202746311168825 0.17790283191398193 0.5469079225852695
0.19335737618150076 0.18635681083541916 0.5411028986381574
0.19335737618150076 0.18635681083541916 0.5411028986381574
0.19434684754993806 0.1963826259262474 0.5380885486671598
0.19421071491043512 0.2025103060355371 0.5459474560933713
0.19509119795577431 0.21115596288720867 0.5419206082497178
0.19472677164325303 0.21411507311025868 0.5459572437547168
0.19455641314437006 0.21502182269831727 0.5472362793982861
0.19408375690661145 0.2178790327900585 0.551236703395082
0.19383828459295482 0.21875281223513504 0.5525203788467103
0.19315290425955778 0.22147991536636424 0.5564919140195987
0.19502653103055795 0.24510885242481076 0.54159079718789
0.19416293130734574 0.24765886242985946 0.5455284096652759
0.1939343980712629 0.2559396108582863 0.540884317939552
0.19300443710270138 0.25818052656687807 0.5444920412410231
0.19251332322425932 0.2663882099337949 0.5398358099647745
0.19129378825349416 0.26865883080331887 0.5437023856555752
0.1906366105351549 0.2767049603266967 0.5392256115827674
0.1893116791732472 0.27892385161852495 0.5431344017647428
0.18900127651762808 0.28626513372124995 0.537199259431739
0.18900127651762808 0.28626513372124995 0.537199259431739
0.1872710499495426 0.2946742970919582 0.5339946793732133
0.1837003504047376 0.2988591755867164 0.5422122230488671
0.18226745424546492 0.3062257990538053 0.5378145975549308
0.18010843508132546 0.30819516341421144 0.5420343068222157
0.1784071961628434 0.31517497012444873 0.5378382715835439
0.17600511061884433 0.3170706969407161 0.5421556944133579
0.1742533596612922 0.3236726029776411 0.5382524792257185
0.17148100464205343 0.32688755805104175 0.5412346571798019
0.16975209708146732 0.33176783397437726 0.5387160442776955
0.16701514924405148 0.33346496714868723 0.5430566823026186
0.16604079391763152 0.33395862628755174 0.5444085689461302
0.16248524682677762 0.3382078961535092 0.5458536849906521
0.15924083162535943 0.3470569226485983 0.5391782937117255
0.15584960149511892 0.3497756812069036 0.5421622880347363
0.15356714168719615 0.3541142679827496 0.539734967040787
0.15003260632892468 0.35668755932113383 0.542774551780892
0.14764235018820798 0.360985106180785 0.5403707041716602
0.14394847172056077 0.3634849834533237 0.5436199360124747
0.142656701330779 0.36690952758268225 0.5400590652525912
0.14223808613934866 0.36792574346239326 0.538948985097904
0.13855175885066534 0.37183220537708983 0.5385652576245835
0.13115049165395382 0.3752276501966073 0.5464192364608096
0.12854984030049288 0.37846289263003163 0.5448404597113363
0.12480589328914073 0.37965543035037574 0.5494570133956475
0.1235150281079267 0.38002852520701047 0.5509504357733832
0.11873835101410704 0.38269866074179154 0.5539107074815943
0.11465758793889494 0.38758979946743943 0.5499547766217828
0.11022832084082507 0.3892548189952211 0.553778748577304
0.10755144219052065 0.3912863639407825 0.5529368053046998
0.10318870754984999 0.39280763002638597 0.5567544385314066
0.10050942542415686 0.3947847295760678 0.5560265152015409
0.09610689508467471 0.39631671361201215 0.5599289818386892
0.09334926486079627 0.3981045264307448 0.5591631023453049
0.0893137398422068 0.3990105575244318 0.5637275733204213
0.0893137398422068 0.3990105575244318 0.5637275733204213
0.08826201573099801 0.3997124647267647 0.5623330927737313
0.08214721277476666 0.40233771821662556 0.5608651957576598
0.07321609975340564 0.4037442276435648 0.5686193115303253
0.06993991619823159 0.40447844117068 0.5678653417516216
0.06508461792759146 0.4048398164794422 0.5711386797083953
0.061665057532037715 0.40511359657332513 0.5706286463516242
0.05662254512733453 0.4052253660666849 0.5738728828211372
0.05469275846038868 0.4050460939563854 0.5723470444260803
0.05408800837555075 0.40485192439507595 0.5719487163602968
0.04909567403779923 0.404382195320582 0.5734188940044693
0.03934650865156142 0.40444459105269315 0.580914737621681
0.035956046506004403 0.40358987349767617 0.5813947812189301
0.031110179253615942 0.4038308185650188 0.585701471537304
0.031110179253615942 0.4038308185650188 0.585701471537304
0.029971094529224536 0.4029654030117218 0.5852713516288035
0.023312525580562467 0.4002143402165953 0.5867236826349839
0.014142233892119861 0.4004322370861759 0.5944922429654695
0.012721932488673052 0.4004600068163306 0.5956606542756908
0.007283094859868763 0.39959299347508814 0.5990754357395096
0.002687420289642757 0.39666325239196865 0.5993485569351245
-0.0021237233852990575 0.39625241876637946 0.6028199819290138
-0.0037218953919139555 0.3945395425430282 0.6025560218177906
-0.004286091302208944 0.39388252341916696 0.6024961879216932
-0.008649733881252918 0.3916125890097015 0.6044659532830426
-0.017039697976490978 0.3913353017919273 0.6108649021562784
-0.01844521783385402 0.3911545288963016 0.6117092115367534
-0.023971580042171314 0.38905045074830985 0.6145412733551273
-0.02887287129283632 0.3836460703488036 0.615553095362146
-0.03326671664017204 0.38292075835137995 0.6180246085486995
-0.03476821554742898 0.38255416213638177 0.6186727286021285
-0.03931391038615914 0.3815065522068861 0.6208425149516508
-0.04084927730733093 0.3810243643286676 0.6213720343783873
-0.04551409788732419 0.37944159316663606 0.6229132857082145
-0.047098890326144935 0.3788960648848461 0.6234239716109616
-0.05507890142478887 0.3724084260574064 0.6247122579634405
-0.06658323518010822 0.35751003114770563 0.6255309510598088
-0.07186409284055234 0.35402459964040534 0.6264175554548245
-0.07598047556124062 0.34883167983193597 0.6274432030904593
-0.08139783151731934 0.345121022489132 0.6285800555795644
-0.08534219225718667 0.33928120558761765 0.6301214363407732
-0.09062608244667655 0.3353280768479922 0.6311929663218665
-0.09437492629703427 0.32892560128387577 0.6328971518542341
-0.09952649342765013 0.3246295538472147 0.6334558006821813
-0.10327042613851653 0.31809982433081385 0.6351142776982086
-0.1083026983808654 0.3136502409657037 0.6354079402198065
-0.1121793907650249 0.3072762865600195 0.6369199083342614
-0.11706015831022543 0.30266251621824275 0.6368380606899495
-0.12083444416463832 0.29609728338542596 0.638339551219897
-0.12561130570693518 0.29112044320569797 0.6381310289521304
-0.12929685726923051 0.2842591674268278 0.6398586734188969
-0.1339854493254009 0.27910634258962386 0.6397034142252991
-0.13752690718832453 0.27183135365681377 0.6418191347062615
-0.14219628124313005 0.2663412372552214 0.6416007137573465
-0.1455731841290805 0.2585958108556473 0.6439460056434463
-0.1502522947422747 0.25288264472075395 0.643697573419605
-0.15346854100717214 0.2447174703263829 0.6463379395503261
-0.15782853532790664 0.2386441008191889 0.645676898818096
-0.16086266094006316 0.2301834313537036 0.6484642647095159
-0.16510034579654698 0.22382871030375828 0.6474958786015467
-0.168077816107307 0.21532479715186004 0.6502873942435697
-0.17201276504904603 0.20863429312251497 0.6490195798560894
-0.17479880081000299 0.20006742561337182 0.6519543873705113
-0.17854108368430333 0.19325433110500906 0.6505121166186273
-0.18107654774500664 0.1847246575787001 0.6535861739343773
-0.1845268410989894 0.17799108606833697 0.6522805638778075
-0.1865992354467661 0.16940838520577362 0.6556891355155267
-0.18983663458108616 0.1627577934763415 0.6546445209740561
-0.19157209258719815 0.154213419090093 0.6583941229509065
-0.1946407573507651 0.14771433929594951 0.6576413784572032
-0.19604204388985502 0.1390866607226225 0.6617370889931671
-0.19895374687334844 0.13269494440003365 0.6612393116951335
-0.2000016256564547 0.12390417975652576 0.6655781919911152
-0.20275120514924677 0.11739098053286708 0.665013299908791
-0.2035895265899906 0.10864164199461175 0.6694776225137062
-0.20613284934853118 0.10211032364998573 0.6686567451580402
-0.20695101887203982 0.09354634630828214 0.6728720935002299
-0.20924054852531634 0.08688659343797406 0.6716436498554882
-0.20996159830048805 0.07869213917701517 0.6756898526112887
-0.21199187747932544 0.07217698806607425 0.6744261649063971
-0.21257411975414217 0.06440009367952032 0.6783602750472747
-0.2143486224483528 0.0580791349062459 0.6772776931183052
-0.2146088628218174 0.0505146400745274 0.6813600722172404
-0.21618087675181158 0.044491893826547294 0.6805558336438549
-0.21594926223189403 0.0369296333775187 0.684936338565307
-0.217679174280768 0.03317378702550647 0.6827457535722257
-0.2181835864938822 0.03187649865498582 0.6819186547041589
-0.2197346818087726 0.02783058713948669 0.6793779221457932
-0.22016767146789246 0.026387146557255006 0.6783791250488833
-0.22073079927867942 0.015790750905661025 0.6804435726576945
-0.21843540087148688 -0.004527178297649384 0.6952237939374557
-0.21965632216478123 -0.009332584389838264 0.6919092766396095
-0.21994782493551746 -0.011066131941596141 0.6906018027826094
-0.22087391194663433 -0.016498880616104813 0.6865686533217145
-0.22107039167520706 -0.018396617031545645 0.6850644306783187
-0.221611975765891 -0.024388078598211654 0.6803005429736024
-0.22170504243569128 -0.02648951879712394 0.6785590261549801
-0.22125253227253255 -0.040795226276578306 0.679694085366572
-0.21851691029273435 -0.06620384739342969 0.6986227654724854
-0.218353571318313 -0.07478393845539949 0.6945463864153704
-0.21779790581079664 -0.08194744100763109 0.697443994797583
-0.2176652025668457 -0.0886390074280504 0.6919569158246022
-0.2175754184415254 -0.09065103297148876 0.6902697169938767
-0.21655598182542163 -0.1003176614967914 0.6884978877752563
-0.2135162101983457 -0.11270872558284781 0.6976563236470062
-0.21273322312817217 -0.12014174078781542 0.6945346167855775
-0.2109547210521042 -0.12680483510435187 0.6981063252917141
-0.21000305668824978 -0.13413943339408238 0.6947566536187779
-0.20824753424103598 -0.1404567959288366 0.6978352364234255
-0.20699361847772765 -0.14793528107984102 0.694106707063903
-0.20550194275824474 -0.15204984278488298 0.6987371147130661
-0.20501816891045915 -0.15332277884955603 0.7001727949521885
-0.20343417764796012 -0.15711058536033867 0.704556462423394
-0.20288518096519992 -0.1583356032678887 0.7059842336008653
-0.20108508992902593 -0.16197794263126042 0.710347304836813
-0.2004766899507724 -0.1631286026482877 0.7117373019923471
-0.19675254274524687 -0.17414731537962308 0.7095709460737014
-0.19156775370123713 -0.19759866990028685 0.6890997417904011
-0.19101961885597385 -0.19925834935671627 0.6875151042031948
-0.1880155332049398 -0.20654399569971382 0.6854886789364325
-0.18295598626849785 -0.2143692815066287 0.6928110962533074
-0.18034736766074125 -0.22031621527153306 0.6894745972574643
-0.1771902946848502 -0.22466700294847167 0.6922616538821605
-0.17432651766232674 -0.2304878115204817 0.688977516638412
-0.17076703379744965 -0.23475471515347945 0.6920335290316085
-0.16770144546060617 -0.24012888242401442 0.6890075013671408
-0.16385298115331434 -0.24412539107933034 0.6922394894315236
-0.16071053181997125 -0.24891542607501127 0.6896028548849378
-0.15654995816598175 -0.2527914088000173 0.6929051666121578
-0.15309904766368718 -0.25767076557679924 0.6900631312819681
-0.14875414457057054 -0.26148471364630177 0.6933627167630265
-0.14511814456521985 -0.26642181212219673 0.6902517563436986
-0.14076495761825175 -0.27004545549580816 0.6933131488431464
-0.1369705981112265 -0.2748927690927577 0.6900667270189943
-0.13275210820753047 -0.2781174018015443 0.6928625262968922
-0.12996913814124883 -0.2819622549206219 0.6884959868352758
-0.12608312844953296 -0.28691164942638325 0.6826714743661723
-0.12403409475059674 -0.287994498210719 0.6851689705543136
-0.11359806327891481 -0.2960604081685174 0.6866359683923894
-0.11359806327891481 -0.2960604081685174 0.6866359683923894
-0.1091682183649454 -0.30093686210091175 0.6805955274467883
-0.1091682183649454 -0.30093686210091175 0.6805955274467883
-0.10470414220909997 -0.30531430823303735 0.6748581730386404
-0.10470414220909997 -0.30531430823303735 0.6748581730386404
-0.10017129443264855 -0.30932584868064916 0.669324602879982
-0.09540121607169261 -0.3111793738971602 0.6746971229532147
-0.08024960691588533 -0.31681623767705963 0.6915416214551845
-0.08024960691588533 -0.31681623767705963 0.6915416214551845
-0.07035220035331696 -0.3250223833547493 0.6802090192541308
-0.06811679752644015 -0.32547531072939595 0.6823224452233119
-0.05590745173804812 -0.3306079206607394 0.6833502799839831
-0.054801403641880256 -0.33074369946471904 0.6843121892644553
-0.046255163858782256 -0.33454969246130806 0.6819925940454854
-0.046255163858782256 -0.33454969246130806 0.6819925940454854
-0.04116758128580027 -0.3375468479335515 0.67707190407444
-0.04116758128580027 -0.3375468479335515 0.67707190407444
-0.036081082143382334 -0.3403449624825518 0.6723103874440863
-0.036081082143382334 -0.3403449624825518 0.6723103874440863
-0.03100111855294714 -0.3428363534474833 0.6677827616877621
-0.03100111855294714 -0.3428363534474833 0.6677827616877621
-0.025950679321575146 -0.3449273015241262 0.6635650647543703
-0.025950679321575146 -0.3449273015241262 0.6635650647543703
-0.02079701729845146 -0.3468350052262036 0.6594536993986462
-0.02079701729845146 -0.3468350052262036 0.6594536993986462
-0.015731309410214556 -0.3481914634109265 0.6557955523542475
-0.015731309410214556 -0.3481914634109265 0.6557955523542475
-0.010398597274304491 -0.3493413962748255 0.6521881307165209
-0.010398597274304491 -0.3493413962748255 0.6521881307165209
-0.004912276281843861 -0.35023734463638206 0.6487385916139494
0.0033238081055577823 -0.3477897627299994 0.6521519921262013
0.034511927547152384 -0.3410610347302 0.6595097251921678
0.034511927547152384 -0.3410610347302 0.6595097251921678
0.039696563874118226 -0.3413058016390308 0.6565439816709306
0.039696563874118226 -0.3413058016390308 0.6565439816709306
0.044927145145887214 -0.341358293588679 0.6537521789560587
0.04755035609596014 -0.3395377021319453 0.6537011506811601
0.060757808057548525 -0.3340377022812726 0.650824475464084
0.060757808057548525 -0.3340377022812726 0.650824475464084
0.06576703022584307 -0.33366623000073414 0.6484484162673253
0.06576703022584307 -0.33366623000073414 0.6484484162673253
0.07056478609072091 -0.3328768805194152 0.6465268180485334
0.07056478609072091 -0.3328768805194152 0.6465268180485334
0.07507638566761227 -0.33169206029074705 0.6450833962909708
0.07507638566761227 -0.33169206029074705 0.6450833962909708
0.07947306332960466 -0.3302168280746512 0.643967818453278
0.07947306332960466 -0.3302168280746512 0.643967818453278
0.08387839249683952 -0.3286423275754705 0.642999083709404
0.10269117183147215 -0.30987018850129544 0.6351634240531587
0.10715562866017658 -0.3080840042293823 0.634107240771828
0.11010611821392235 -0.30425048700657814 0.6319579948730831
0.1143786706520945 -0.3020848370627942 0.6312851164811133
0.1143786706520945 -0.3020848370627942 0.6312851164811133
0.11823619942427274 -0.29939711118936857 0.6312532089322221
0.11823619942427274 -0.29939711118936857 0.6312532089322221
0.1191606436384482 -0.2987055586263836 0.631316073977851
0.12180058271441135 -0.2964575232883272 0.6316182371428091
0.12264648898159039 -0.295664246072902 0.6318093960102873
0.1250803311857627 -0.29315394705275566 0.6324502140843933
0.12583906413367207 -0.29233829446253085 0.6327157668240774
0.13957637282530164 -0.26652877208987025 0.6145644090507796
0.1403500484666777 -0.26575060902480735 0.614765690138656
0.1440859996910655 -0.2579560838678563 0.6103637589821368
0.14487593641446594 -0.2572529854062868 0.6105131101369731
0.14908517277528252 -0.2500550566557288 0.6065422468199974
0.14992666744319427 -0.24939261249495004 0.6066473072117774
0.1523996653281773 -0.2472948173307794 0.607003327541487
0.15538580286506967 -0.24440662041622205 0.6077819449498638
0.15903119133865784 -0.23425590604352303 0.5986620542446943
0.16176630254291025 -0.23124891453235408 0.5996429446466025
0.16176630254291025 -0.23124891453235408 0.5996429446466025
0.16246236886189455 -0.23052108093621773 0.5998972132383572
0.1676538247196932 -0.21820459052866256 0.5915835978760775
0.16829997723100834 -0.21750188592651248 0.5918410750043992
0.17014251126427535 -0.21524565108529486 0.5927101985027919
0.17078998239124377 -0.21457917528162185 0.5929535732949278
0.17563411892896624 -0.20290310877169587 0.5850068896050562
0.1762302971594752 -0.20222321091063683 0.5852841705266616
0.17948714242089475 -0.19571825841478196 0.582049520141418
0.18005099334125724 -0.19508856236852834 0.5823079252811119
0.18304190614020294 -0.18865701651125544 0.5794177997766382
0.18352788417541968 -0.18797400748624177 0.579759774292643
0.18620000240187523 -0.18132994275632636 0.5771200051885754
0.1865777793005013 -0.18055353227544135 0.5775921521403944
0.18893585939372604 -0.17390307940421162 0.5752379589021099
0.18926395823405334 -0.1731560997415414 0.5757143272259458
0.19122907182594948 -0.16652497078679918 0.5734443874512525
0.19143780162494434 -0.1657152359254106 0.5740314011283454
0.19304935417509417 -0.15884365663989808 0.571879920438476
0.19318745781313873 -0.15796864744354933 0.5725594555959681
0.19451112945617155 -0.15106986920831886 0.5709394025998116
0.19466755246173414 -0.150255514989586 0.5715660846135053
0.1961504887965071 -0.1437122021464545 0.5704161282446705
0.19636870150270097 -0.1429497235295234 0.5709778813420314
0.1981369847562091 -0.13687226805130154 0.5698660092441252
0.19831960433267687 -0.1361526505971101 0.5704118019942406
0.19988489851364244 -0.13014805466587026 0.5688202848101016
0.20006499005099737 -0.12945423566341324 0.5693500315625075
0.20139168181751146 -0.1235947354776087 0.567774083577124
0.20182662734753531 -0.12085944494041843 0.5699583660373819
0.20258642610181707 -0.11730097918337842 0.5666633995498584
0.20259584852855722 -0.11429029731229887 0.5692922693845917
0.20336061548944998 -0.11098714819268621 0.5663227150293997
0.2033420921614264 -0.1102703134276603 0.5669727140718219
0.20388282351873985 -0.10494245256878981 0.5663957259981452
0.2037747714608575 -0.10423642587599029 0.5670788383577081
0.20376408442634222 -0.09925586492654455 0.566811569953531
0.20357436256023886 -0.09856977067804559 0.5675153040178544
0.20328646709314535 -0.09377704585219179 0.5671994619614944
0.20328646709314535 -0.09377704585219179 0.5671994619614944
0.20361586920112926 -0.09145086039480464 0.5649510458729874
0.20304689967323764 -0.09008956383727267 0.5664418865696782
0.20143759741840228 -0.08350807667129889 0.5688512047009084
0.20108426406033958 -0.08284276232097645 0.5696161101846811
0.19988080511419418 -0.07853209029141282 0.5698846630246641
0.1995230615010396 -0.07792258599618493 0.5706030447848421
0.1982621384873982 -0.07546517123586524 0.5724477342845898
0.1981011121006998 -0.0739818450679698 0.5706771215202305
0.19803986297371184 -0.07352350959566412 0.570121066864232
0.19777381773531022 -0.07212891244115587 0.5683416097870386
0.19764916862185195 -0.07167713348237398 0.5677271934570789
0.19719983500059965 -0.07026986737180693 0.5657471359830626
0.19700973295609409 -0.0698265609348353 0.5650741642935022
0.19642404525806537 -0.06843340408887827 0.5629693236684041
0.196273601428555 -0.068054378036051 0.5624064417245112
0.19563991017961685 -0.06661906829439675 0.5602089842078093
0.19545827042480726 -0.06620244064218801 0.5595734608696449
0.19480753764912084 -0.06488252060575968 0.5574828235779737
0.19461227086492577 -0.06453101108834584 0.5569032933764283
0.19400181006705974 -0.0634389930373615 0.5551042250510597
0.19377712589880045 -0.06314428024138057 0.5545556141522452
0.19307709668661366 -0.0623905241628457 0.5530311737378413
0.1927606126157398 -0.06214999057307098 0.5524469912078653
0.1918253394287606 -0.06143163251798388 0.5507231622628799
0.1918253394287606 -0.06143163251798388 0.5507231622628799
0.1918253394287606 -0.06143163251798388 0.5507231622628799
0.1918253394287606 -0.06143163251798388 0.5507231622628799
0.1918253394287606 -0.06143163251798388 0.5507231622628799
0.1918253394287606 -0.06143163251798388 0.5507231622628799
0.1918253394287606 -0.06143163251798388 0.5507231622628799
0.1918253394287606 -0.06143163251798388 0.5507231622628799
0.1918253394287606 -0.06143163251798388 0.5507231622628799
0.1918253394287606 -0.06143163251798388 0.5507231622628799
0.1918253394287606 -0.06143163251798388 0.5507231622628799
0.1918253394287606 -0.06143163251798388 0.5507231622628799
0.1918253394287606 -0.06143163251798388 0.5507231622628799
0.1918253394287606 -0.06143163251798388 0.5507231622628799
0.1918253394287606 -0.06143163251798388 0.5507231622628799
0.1918253394287606 -0.06143163251798388 0.5507231622628799
0.15221428657610664 -0.039395157340081255 0.5898397060059174
0.15221428657610664 -0.039395157340081255 0.5898397060059174
0.15139507356886733 -0.03931423592783598 0.5903115127671026
0.14891471261072767 -0.039024896832757575 0.5918078623982632
0.14808804278512203 -0.038991017155578456 0.5922452330606769
0.1456514233409073 -0.03887307575158158 0.593580959421519
0.14222832737125088 -0.0388173281381374 0.5953698594754768
0.14222832737125088 -0.0388173281381374 0.5953698594754768
0.13874637101507334 -0.038799837541704796 0.5971809831501955
0.13874637101507334 -0.038799837541704796 0.5971809831501955
0.13531403402529485 -0.038875154765853265 0.598909181405754
0.13531403402529485 -0.038875154765853265 0.598909181405754
0.13187840850903704 -0.03891924527131847 0.6006911513165072
0.13187840850903704 -0.03891924527131847 0.6006911513165072
0.12851860881446314 -0.03905218354353045 0.6023804910188224
0.12851860881446314 -0.03905218354353045 0.6023804910188224
0.12530421150616822 -0.03927650483279739 0.6039385505419824
0.12530421150616822 -0.03927650483279739 0.6039385505419824
0.12233418821233269 -0.039608511938659594 0.6052938139496972
0.12233418821233269 -0.039608511938659594 0.6052938139496972
0.11967000651093546 -0.040140800761956766 0.6063345152006847
0.11967000651093546 -0.040140800761956766 0.6063345152006847
0.11730632982744055 -0.04063968120887085 0.6072511266764973
0.11730632982744055 -0.04063968120887085 0.6072511266764973
0.11522971705046406 -0.041197706042344406 0.6079722478003637
0.11522971705046406 -0.041197706042344406 0.6079722478003637
0.11373037285944512 -0.041757891084482066 0.6083732517190348
0.11373037285944512 -0.041757891084482066 0.6083732517190348
0.11268467218810588 -0.04259586926753672 0.6082930867897345
0.11268467218810588 -0.04259586926753672 0.6082930867897345
0.1120835658433792 -0.04355830793938939 0.607860811333744
0.10209391375707676 -0.046516095115375605 0.601243885950653
0.07158564495602479 -0.05678116866911412 0.5810003221003335
0.07120755464146869 -0.05653767988383071 0.5804402372642848
0.06999580527959602 -0.055801779965879664 0.578709397811054
0.06959627593777609 -0.05551196544295288 0.5780868691029162
0.0684352617843336 -0.05464596822532278 0.5762731948992481
0.06799181415757778 -0.054281611405224806 0.5755416279429814
0.06664964558134465 -0.05316597322246859 0.5733353709079478
0.06616059320730588 -0.05269165326128808 0.5724587853143703
0.06851029783368526 -0.06024040419433038 0.559404398432162
0.06799592967213566 -0.059679996896962684 0.5584022695671585
0.06824895663700356 -0.06105614699881538 0.5515717388882309
0.06770180194885161 -0.060451533126292686 0.5504900563517557
0.06599553551918982 -0.0585564097495546 0.5471311708696248
0.06540773402785546 -0.057901163378113546 0.5459642420133954
0.06815176063961254 -0.06305640093934005 0.5331786933081792
0.06752732486914234 -0.06232082018669653 0.5318775003114226
0.0682112709393794 -0.06408482849255122 0.5226437419489416
0.06750950907219819 -0.06327092071134086 0.5211808569749807
0.06542517377298775 -0.0608426892927524 0.5168510408691307
0.06466593232703052 -0.0599757316006224 0.5152837226738785
0.06232302010784568 -0.05727426935649911 0.5104487118594706
0.06155205414892601 -0.0564141533958067 0.5088796358231751
0.06727389551826257 -0.06723646394108038 0.48608974157875284
0.06644691174527467 -0.06636142085795042 0.48440276329074106
0.0668033131184535 -0.0685789618659159 0.47276908983570753
0.0660005460864393 -0.0677252177249878 0.47110934163556983
0.06363830474969107 -0.06518708500105574 0.4662223676810643
0.06288524540053334 -0.06431570040156927 0.46459001126892785
0.06601468000225211 -0.07102891095115817 0.4466964972282017
0.06601468000225211 -0.07102891095115817 0.4466964972282017
0.06601468000225211 -0.07102891095115817 0.4466964972282017
0.06601468000225211 -0.07102891095115817 0.4466964972282017
0.0712408531305773 -0.07952474205381688 0.43508365202251287
0.0712408531305773 -0.07952474205381688 0.43508365202251287
0.07388877003296232 -0.08379516886024786 0.4292373508724083
0.07388877003296232 -0.08379516886024786 0.4292373508724083
0.07654668432154206 -0.08785184442811313 0.4235959395571232
0.07654668432154206 -0.08785184442811313 0.4235959395571232
0.07907339544079288 -0.09173304096806298 0.41821049593437787
0.07907339544079288 -0.09173304096806298 0.41821049593437787
0.07907339544079288 -0.09173304096806298 0.41821049593437787
0.07907339544079288 -0.09173304096806298 0.41821049593437787
0.07907339544079288 -0.09173304096806298 0.41821049593437787
0.07907339544079288 -0.09173304096806298 0.41821049593437787
0.07907339544079288 -0.09173304096806298 0.41821049593437787
0.07907339544079288 -0.09173304096806298 0.41821049593437787
0.07907339544079288 -0.09173304096806298 0.41821049593437787
0.07259624130734477 -0.08344886795804904 0.4021976780331804
0.05277352679284959 -0.05809112027014045 0.3533386577167653
0.05277352679284959 -0.05809112027014045 0.3533386577167653
0.05277352679284959 -0.05809112027014045 0.3533386577167653
0.05189352783101714 -0.05654450079978662 0.35066804560771214
0.049173930707901596 -0.05172358715792841 0.34237500394222986
0.04877906215331036 -0.05099083572123839 0.34113068385337975
0.047554574070236375 -0.048713065083184154 0.33726906536136336
0.047173909167097995 -0.047979268441692036 0.33603698838867724
0.0459436570031047 -0.04569849853467933 0.3321662047881184
0.04558784259529116 -0.04497076960704381 0.33096492420005
0.044587819203475314 -0.04287069461776129 0.32752564071901535
0.04427065672582899 -0.04219445020314652 0.32642216409243224
0.04324355971587451 -0.040011410701194086 0.32285915501614104
0.042984894468932465 -0.039386951961899716 0.32187273417296147
0.04219389748874257 -0.03742206336309478 0.3187894639766499
0.0419435169251124 -0.03682761966400687 0.317846571736626
0.04121908100996226 -0.035100258753446995 0.3151106162269872
0.040970950149207576 -0.03452112046420938 0.31418805541149286
0.04033450584385379 -0.03291672032238123 0.311681985233515
0.0400836317358729 -0.032318752873448334 0.3107345568130021
0.03924609697631561 -0.030456643774547557 0.3077307471754339
0.03895698383366929 -0.02988545240450681 0.30677858014849574
0.038071049488331336 -0.028037198235668692 0.30374696807682156
0.0377253203602404 -0.0274142637749933 0.3026795211850115
0.036711919990427 -0.025564180056545177 0.2995251911501647
0.0364263412938425 -0.025004385939755888 0.29858989066705
0.03552225735494967 -0.023300281650780644 0.2957131214509239
0.03519318909846239 -0.022677681373486663 0.29466196376197884
0.03422058753813915 -0.020824253291144984 0.2915427470037367
0.03283324415620306 -0.018234191828383955 0.2871556355470545
0.03283324415620306 -0.018234191828383955 0.2871556355470545
0.032478095459961345 -0.01755318733723664 0.286010439835025
0.031344089176325994 -0.01541690587230117 0.2824026059104673
0.031008940356161217 -0.014775383442082207 0.2813232413248735
0.03000075182278901 -0.012772000086018934 0.27799260228942346
0.029722320914300847 -0.012131573527418699 0.27696866866510067
0.028828349634643424 -0.01019120620524551 0.2738209289562894
0.0276066314119673 -0.007265978197069561 0.26919408298396585
0.09767550761574177 -0.08112606971947933 0.12661626092068123
0.09663756693242279 -0.07809996724339321 0.12096718765903802
0.0984267638232204 -0.07937548221271452 0.11804513168217418
0.09739388337297189 -0.07667547518690974 0.11286211623257544
0.09925617212747488 -0.07825818060951266 0.10949029004107061
0.0983652685481638 -0.0760617551358152 0.10519413788803608
0.0983652685481638 -0.0760617551358152 0.10519413788803608
0.0974854792410036 -0.07411889604545728 0.10128785999481724
0.10110425265861528 -0.07740036327752578 0.09442427938162484
0.10027374949065393 -0.07554482099835858 0.09066726557164634
0.10196566284185579 -0.07720350269013439 0.08728934751981851
0.10121087005883014 -0.07590595445194645 0.08444635192642078
0.10278672500861721 -0.07772325051859952 0.08095233985662542
0.10197787414762324 -0.07656046171677154 0.07823556354498237
0.10352485403109773 -0.07849417676707393 0.0746102856014918
0.10270429462089183 -0.0773592871611343 0.07190937399877834
0.10419702341864014 -0.07930108656048616 0.0683059869494565
0.10349409687790663 -0.07808698376973837 0.06560809157262265
0.10467278848369996 -0.07945293480771132 0.0629620907280482
0.10406204903427832 -0.07814712301158462 0.060222874809584825
0.10528164193536847 -0.07952230359140597 0.05752587193130493
0.10480998962141083 -0.07835245783920909 0.05515337331927589
0.1059411412534256 -0.07932323210650503 0.05303027759056553
0.10558302203795945 -0.07792024854627608 0.050423204340115185
0.10685360103925261 -0.07878664236100627 0.04831565707506594
0.10685360103925261 -0.07878664236100627 0.04831565707506594
0.10803998892076676 -0.07964026839532493 0.04629098702069798
0.1071270364040465 -0.0768926238598948 0.040898783335740846
0.10836842281277628 -0.07799913258375787 0.038497210086956946
0.10797207002698764 -0.07685669605483145 0.03622817978499712
0.10909382214502805 -0.07767945245653415 0.034279063107490126
0.10871783683594322 -0.07646652223420351 0.03191837265161626
0.10951354101754911 -0.07697109709816594 0.03063281805265089
0.1091807217686204 -0.07578737723347201 0.028364310390824404
0.11002062990824532 -0.07629133225907511 0.02703978936236573
0.10969469063493284 -0.07525465009407956 0.0250087829550594
0.110579774625313 -0.07589008209581383 0.02347773262350583
0.11029320404617218 -0.0748653292508334 0.02150790938607533
0.11108737548408609 -0.07540720488099843 0.020167527983053102
0.11089125318160883 -0.07428819733598842 0.018155864536700067
0.11180562847873093 -0.07485691219267886 0.016678789826175794
0.11163570991735072 -0.07360254625878042 0.014479419750845574
0.11234804256655727 -0.07375605896336564 0.01370178037946096
0.11222088475222015 -0.07250663325165514 0.011560042947269061
0.11222088475222015 -0.07250663325165514 0.011560042947269061
0.11209198513117774 -0.07151648662770463 0.009830604091604495
0.11324519749992401 -0.07161941882149361 0.00875658691389114
0.11315583605414857 -0.07093884937922938 0.0075645441047708095
0.11376759920106876 -0.0712665835751251 0.006638971013084138
0.11376759920106876 -0.0712665835751251 0.006638971013084138
0.11436497042510196 -0.0716723477764186 0.0056222774724567215
0.11438355302417902 -0.07090082381828576 0.004414277056867977
0.11491801754102962 -0.07116099987983422 0.0036388739432287043
0.1149356561608616 -0.07090726484720439 0.003254528613244101
0.11544892539458872 -0.07125508226992636 0.0023812074226654267
0.11540826948054636 -0.07113743221791806 0.002142515554775959
0.115858569126708 -0.0716007379274814 0.0011696405072736948
0.11583122509453857 -0.07160268941523189 0.0011388387271084877
0.1163322275995862 -0.07210480899817867 7.561075531717365e-05
0.11635138468752329 -0.0721105000228888 0.00010636675233077764
0.11701798920742643 -0.07282127148704778 -0.0013648255596049597
0.11699445003797246 -0.07283213703866034 -0.0013765471306705357
0.11707010574431653 -0.07308024194753329 -0.0017635230504510768
0.11702359373331704 -0.07305658333635896 -0.001858471549104429
0.11694555843415623 -0.07300184888579225 -0.0017223060332998696
0.11686051207037018 -0.07306243816846329 -0.0017301635327220122
0.11668902012031684 -0.07318233264228216 -0.0017465910948261387
0.1165328767061034 -0.07325139686471635 -0.0018295755463192953
0.11647432347573608 -0.07330230281506846 -0.0018484171886297696
0.11634329614579361 -0.0733831447149016 -0.0018799785756695442
0.11617991681216278 -0.07342056395565183 -0.0017949922133280727
0.11600943435222637 -0.07343199047722626 -0.001987597497108695
0.11573675068313524 -0.07345387154676776 -0.0017942784311708038
0.11564741820588698 -0.07354604331740902 -0.0017567603298320467
0.11555691015795898 -0.07360956945987848 -0.0017657440414103054
0.11555601576041435 -0.07362246753484149 -0.001746012273161568
0.11559503082278594 -0.07358530175390351 -0.001729442488136529
0.11563677901470673 -0.07360073300050857 -0.001653308161603445
0.11561310958046045 -0.07362887555514573 -0.001670495766231933
0.11557246292660275 -0.07360444846840236 -0.001759821883177498
0.1155461055272459 -0.07360824593813456 -0.0017434555632348525
0.1155461055272459 -0.07360824593813456 -0.0017434555632348525
0.1155278496500029 -0.07359961587942605 -0.0017173985478754206
0.1154644595480112 -0.07360569094016736 -0.0017853433927397244
0.11536841427350533 -0.07358640512567309 -0.001679936354020195
0.11526028311965159 -0.07351894030600879 -0.001921878259713794
0.11516748814764528 -0.07347185507817172 -0.001786085864101311
0.11516748814764528 -0.07347185507817172 -0.001786085864101311
0.11521704292443592 -0.0735262435517565 -0.0018964604799154572
0.11521704292443592 -0.0735262435517565 -0.0018964604799154572
0.11525671256644052 -0.07351724766288253 -0.0019167748938176132
0.1152624570399354 -0.07351660125888887 -0.0019107068041364084
0.11524055703126794 -0.0735062485226215 -0.001879443169126721
0.11530074718031386 -0.07356797008713777 -0.0017062508408828836
0.11532200750152377 -0.07355017365592657 -0.0017006695908134695
0.11530357434018387 -0.07352048252049014 -0.0017720322262588517
0.11521499100117406 -0.07350323784089213 -0.0016781829895016198
0.11521499100117406 -0.07350323784089213 -0.0016781829895016198
0.11518539195533262 -0.07339132061277967 -0.0015077529474096518
0.11517920031409087 -0.07337161642413716 -0.0015465803229373354
0.1152356775310701 -0.0734291470654161 -0.0016680973162143398
0.11525724749223218 -0.07347282824300454 -0.0015709264763760777
0.11524698604000659 -0.0734958350357138 -0.0015922257288346342
0.11524698604000659 -0.0734958350357138 -0.0015922257288346342
0.11523037271942532 -0.07352721559802385 -0.0016198733236954532
0.11521157465496143 -0.07349339530205866 -0.0016976311271286182
0.11513682058515765 -0.0734272179507797 -0.001550014076583922
0.11508946379677473 -0.07339605673474542 -0.0016580425321977843
0.11521377194217693 -0.07351662366862648 -0.0019160400508886621
0.11522106285908959 -0.07352288033531952 -0.0018968550318514132
0.11524611231303715 -0.07350697584459208 -0.0018963023786545963
0.11532953146632192 -0.0735824196651996 -0.0016721913750651907
0.11532596372112416 -0.07358072506580209 -0.0016670879426518292
0.11530562856207402 -0.07355252879903003 -0.0017382874870993936
0.1152971606161795 -0.0734505259967436 -0.0015998144392960767
0.11529001550289143 -0.073456221526129 -0.0015995006976818327
0.11536876692305977 -0.07352442494595912 -0.0017515681308900022
0.11532912851994982 -0.07354440896433384 -0.0017686201118873313
0.11522620273182624 -0.07352033853646141 -0.0016537637571102382
0.11522620273182624 -0.07352033853646141 -0.0016537637571102382
0.11518781256228348 -0.07354141684493042 -0.0016503187149739806
0.11523316601161536 -0.07355323749533868 -0.0015743457335863353
0.11514749105518474 -0.07348188279281628 -0.00141114838954301
0.11514749105518474 -0.07348188279281628 -0.00141114838954301
0.11514871386449013 -0.07349395136640613 -0.0014279462782559038
0.11514871386449013 -0.07349395136640613 -0.0014279462782559038
0.11510262732816642 -0.07352772094286163 -0.0014338374551728372
0.11510262732816642 -0.07352772094286163 -0.0014338374551728372
0.11516204927480546 -0.07348877020362686 -0.0014319389432112806
0.11520310890507895 -0.07341937624527044 -0.001493589448312821
0.11523549926164679 -0.07340694603411423 -0.0015035301591916073
0.1152365208281962 -0.07346273199939332 -0.0014116124260006857
0.11539986249081727 -0.07363118035234147 -0.0017652550042914217
0.11536336616858545 -0.07364836469106857 -0.0017827786664641465
0.11532733793059598 -0.07357405266853996 -0.0016554214389149224
0.11532733793059598 -0.07357405266853996 -0.0016554214389149224
0.11522008657328511 -0.07345006873162602 -0.0014067986630502127
0.11510501663010073 -0.07339217515216966 -0.0016418083823546703
0.11518371117764621 -0.07353050931797042 -0.001885671962937513
0.11518371117764621 -0.07353050931797042 -0.001885671962937513
0.11507041484238614 -0.07341514398676834 -0.0016433951097842292
0.11507041484238614 -0.07341514398676834 -0.0016433951097842292
0.11512725013550837 -0.07350061912531816 -0.0018017801277302736
0.11512725013550837 -0.07350061912531816 -0.0018017801277302736
0.11504893376074218 -0.07343274301105708 -0.0016490570665803062
0.11504893376074218 -0.07343274301105708 -0.0016490570665803062
0.11511267868366401 -0.07349371760803586 -0.0017809601027964639
0.11511267868366401 -0.07349371760803586 -0.0017809601027964639
0.11512368242707806 -0.07349892443010475 -0.0017966761263860653
0.1152158777767815 -0.07348588894783505 -0.0017044087142140396
0.11513741411087598 -0.07341796033226679 -0.0015514975030842537
0.11513741411087598 -0.07341796033226679 -0.0015514975030842537
0.11530817654245809 -0.07350488067966865 -0.0018035489406534877
0.11533270101816581 -0.07357038932520697 -0.0016674363770495526
0.11530043693212905 -0.07358297914233049 -0.0016573032221417205
0.11530043693212905 -0.07358297914233049 -0.0016573032221417205
0.11529940714120293 -0.07348450204888057 -0.0015294901076801926
0.115275089958636 -0.07342288737155238 -0.001659032395154969
0.11524354551193493 -0.07346353356980641 -0.0016857139490576434
0.11528979930454217 -0.07350353933070851 -0.0015638279324704796
0.11529351491069942 -0.07350529746462608 -0.0015691340985616864
0.11529351491069942 -0.07350529746462608 -0.0015691340985616864
0.11529714919739392 -0.07350701838822382 -0.0015743257557503942
0.11529714919739392 -0.07350701838822382 -0.0015743257557503942
0.11527895281396042 -0.07349841172632901 -0.0015483442322132834
0.11520358006759496 -0.07347381960785374 -0.0016815166778754997
0.11518696723019134 -0.07350519970813205 -0.0017091647512187391
0.11524325621722246 -0.07355321268105562 -0.0015618467404918679
0.11526540734422303 -0.07363397692286526 -0.0016840334063711326
0.11527406346541955 -0.0736271003639977 -0.0016844246220546755
0.11523520006071579 -0.07355003793200399 -0.0015521504193914126
0.11516408176540607 -0.07346083066082494 -0.001783288597703686
0.11513115347247528 -0.07337506263923735 -0.0016452781338326394
0.11517039741232346 -0.07344488823419634 -0.001484375310888908
0.11531282778295647 -0.07357403899045432 -0.001768228642498898
0.11530887981860996 -0.07353687200681201 -0.0018336689286455599
0.1153040335110118 -0.07352309473630353 -0.0018117010635824993
0.1153040335110118 -0.07352309473630353 -0.0018117010635824993
0.11533403729248298 -0.07358832984840594 -0.0016691818038408468
0.11533403729248298 -0.07358832984840594 -0.0016691818038408468
0.11533403729248298 -0.07358832984840594 -0.0016691818038408468
0.11533403729248298 -0.07358832984840594 -0.0016691818038408468
0.11535588464809554 -0.07356664716534515 -0.001677070527094926
0.11535588464809554 -0.07356664716534515 -0.001677070527094926
0.11531578592930425 -0.07356267024980828 -0.0017333717583311592
0.11531578592930425 -0.07356267024980828 -0.0017333717583311592
0.1153181291973936 -0.07355217673860782 -0.0017467378436540892
0.1153181291973936 -0.07355217673860782 -0.0017467378436540892
0.11525387265300993 -0.07349823574191156 -0.001913017663405736
0.11525387265300993 -0.07349823574191156 -0.001913017663405736
0.11526530493615177 -0.07350122308712456 -0.0018939935110884043
0.11526530493615177 -0.07350122308712456 -0.0018939935110884043
0.11532534721802884 -0.07358709118219751 -0.0016819653917000132
0.11532534721802884 -0.07358709118219751 -0.0016819653917000132
0.11533119893354266 -0.07358652134284645 -0.00167564008105342
0.11533119893354266 -0.07358652134284645 -0.00167564008105342
0.11533119893354266 -0.07358652134284645 -0.00167564008105342
0.11533119893354266 -0.07358652134284645 -0.00167564008105342
0.11533119893354266 -0.07358652134284645 -0.00167564008105342
0.11533119893354266 -0.07358652134284645 -0.00167564008105342
0.11533119893354266 -0.07358652134284645 -0.00167564008105342
0.11533119893354266 -0.07358652134284645 -0.00167564008105342
0.11533119893354266 -0.07358652134284645 -0.00167564008105342
0.11533119893354266 -0.07358652134284645 -0.00167564008105342
0.11533119893354266 -0.07358652134284645 -0.00167564008105342
0.11533119893354266 -0.07358652134284645 -0.00167564008105342
0.11533119893354266 -0.07358652134284645 -0.00167564008105342
0.11533119893354266 -0.07358652134284645 -0.00167564008105342
0.11533119893354266 -0.07358652134284645 -0.00167564008105342
0.11533119893354266 -0.07358652134284645 -0.00167564008105342
0.11533119893354266 -0.07358652134284645 -0.00167564008105342
0.11533119893354266 -0.07358652134284645 -0.00167564008105342
0.1107010877336198 -0.059674265627364886 0.020275935172564236
0.1107010877336198 -0.059674265627364886 0.020275935172564236
0.1107010877336198 -0.059674265627364886 0.020275935172564236
0.1107010877336198 -0.059674265627364886 0.020275935172564236
0.1107010877336198 -0.059674265627364886 0.020275935172564236
0.1107010877336198 -0.059674265627364886 0.020275935172564236
0.11516850583327548 -0.07348703601359378 -0.0014142646482528942
0.11516850583327548 -0.07348703601359378 -0.0014142646482528942
0.11516850583327548 -0.07348703601359378 -0.0014142646482528942
0.11515880363732181 -0.07349392696878551 -0.0014154480499996847
0.11515880363732181 -0.07349392696878551 -0.0014154480499996847
0.11522654477775632 -0.0735569138462876 -0.001551758121503377
0.11522654477775632 -0.0735569138462876 -0.001551758121503377
0.11530693478989601 -0.07358652586949245 -0.0016560387216509598
0.11530693478989601 -0.07358652586949245 -0.0016560387216509598
0.11539276974310975 -0.07362869541707581 -0.0017826407878036576
0.11539276974310975 -0.07362869541707581 -0.0017826407878036576
0.11543208798526515 -0.07361958553710427 -0.0018030053279419478
0.11543208798526515 -0.07361958553710427 -0.0018030053279419478
0.11542843870875297 -0.07361785349668212 -0.0017977872656152472
0.11542843870875297 -0.07361785349668212 -0.0017977872656152472
0.11538122240878161 -0.0736740545159689 -0.0018321806997943224
0.11538122240878161 -0.0736740545159689 -0.0018321806997943224
0.11534101571080282 -0.07373367731773972 -0.0018771854905322571
0.11534101571080282 -0.07373367731773972 -0.0018771854905322571
0.11526786808672788 -0.07365816461187989 -0.0017177054022868288
0.11520059895942002 -0.07364369164650261 -0.0018251895805443952
0.11515927963408934 -0.07354243665294047 -0.0016592242323866246
0.11515927963408934 -0.07354243665294047 -0.0016592242323866246
0.11514793934829567 -0.0735369451848855 -0.0016442621851601724
0.11523556295661755 -0.07354712307812843 -0.0015185253029219858
0.11532363794863608 -0.07358049593038062 -0.0016325170429937197
0.11532363794863608 -0.07358049593038062 -0.0016325170429937197
0.11535048799551095 -0.07348368093512489 -0.0015294118217458186
0.11531735125570733 -0.0734537971824675 -0.0016192770835972425
0.11534066801867701 -0.0733977355605413 -0.0015652403486706434
0.1153564722170331 -0.0734295172437906 -0.00149383681637974
0.11539686854052061 -0.07363842518728177 -0.0017995383337503223
0.11539686854052061 -0.07363842518728177 -0.0017995383337503223
0.11536267596660735 -0.07356987091853621 -0.0016806542811203251
0.11529657498380019 -0.07348067007418559 -0.001905551004603906
0.11513551128607602 -0.07361227038532166 -0.0019460598723847478
0.11511416488575714 -0.0736131990072697 -0.001971043729388944
0.1151920592719051 -0.07366797230820842 -0.002107236290197795
0.1151920592719051 -0.07366797230820842 -0.002107236290197795
0.11523342501939973 -0.07350102507189758 -0.0019216666355905965
0.11523342501939973 -0.07350102507189758 -0.0019216666355905965
0.11510887992891966 -0.07326085691683355 -0.001506378599307301
0.11518386895391222 -0.0733309413139142 -0.001301566298403778
0.1153299656880516 -0.07343251796102612 -0.0015546495503327706
0.1153299656880516 -0.07343251796102612 -0.0015546495503327706
0.1153209195848672 -0.0733888433537458 -0.0014906510065135214
0.1153209195848672 -0.0733888433537458 -0.0014906510065135214
0.11527529719658666 -0.07333644964715955 -0.0013846677382329253