26.338814 0.485872 -0.222673 
26.027299 0.010543 -0.222714 
26.027299 0.010543 -0.222714 
26.027299 0.010543 -0.222714 
26.027878 0.010481 -0.222763 
26.027878 0.010481 -0.222763 
26.026720 0.010604 0.737182 
26.026172 0.008981 0.743262 
26.025593 0.009043 -0.207962 
26.285359 0.447095 -0.214183 
26.286515 0.446973 -0.222721 
26.029364 0.010139 -0.222665 
26.028206 0.010262 -0.222567 
26.337664 0.486039 -0.222575 
26.337664 0.486039 -0.222575 
26.079327 0.051160 -0.222567 
26.080480 0.050992 -0.222665 
26.027299 0.010543 -0.140854 
26.015860 0.012713 -0.140949 
26.327703 0.488473 -0.222723 
26.592010 0.017835 0.720623 
26.541163 -0.021206 -0.166447 
26.287079 0.448623 -1.107040 
26.286515 0.446973 -0.218521 
26.287093 0.446913 -0.222770 
26.287657 0.448562 -1.110990 
26.298258 0.446023 -1.106976 
26.298258 0.446023 -1.106976 
26.298258 0.446023 -1.110885 
26.297695 0.444376 -1.104547 
26.273581 0.449769 -0.148559 
26.273581 0.449769 -0.148559 
26.285359 0.447095 -1.104495 
26.028206 0.010262 -1.188960 
26.016770 0.012420 -1.188966 
26.016770 0.012420 -1.188966 
26.028785 0.010200 -1.185066 
26.028785 0.010200 -1.185066 
26.029364 0.010139 -1.188972 
26.288590 0.446581 -0.222672 
26.276235 0.449287 -0.218457 
26.067982 0.053350 -0.218451 
26.080480 0.050992 -0.222665 
26.029364 0.010139 -1.188972 
26.028785 0.010200 -1.188966 
26.079903 0.051076 -0.304802 
26.080480 0.050992 -0.304805 
26.027299 0.010543 -0.222714 
26.027299 0.010543 -0.222714 
26.338814 0.485872 -0.222673 
26.581714 0.019887 0.716016 
26.581714 0.019887 0.716016 
26.592586 0.017751 0.729648 
26.283609 -0.459285 -0.151734 
26.029943 0.010077 -1.100753 
26.029943 0.010077 -1.100753 
26.028206 0.010262 -1.100560 
26.287434 0.446702 -1.100592 
26.286278 0.446824 -1.104361 
26.027049 0.010385 -1.188948 
26.039619 0.008102 -0.232115 
26.037555 0.008482 0.732664 
26.278982 -0.460297 0.732687 
26.331263 -0.418044 0.732747 
26.091226 0.048890 -0.218390 
26.297679 0.446078 -1.106911 
26.287079 0.448623 -1.110937 
26.027299 0.010543 -0.222714 
26.038714 0.008371 -0.222664 
26.038714 0.008371 -1.104515 
26.015282 0.012780 -1.104567 
26.017349 0.012353 -1.188972 
26.294784 -0.460967 -0.239374 
26.603436 0.015612 -0.155905 
26.327703 0.488473 -1.104630 
26.327703 0.488473 -0.222723 
26.338814 0.485872 -0.218520 
26.029364 0.010139 -1.185084 
25.775601 0.480807 -1.189003 
26.034400 0.917507 -1.104624 
26.287434 0.446702 -1.100592 
26.079327 0.051160 -1.100560 
26.343172 -0.418225 -0.151483 
26.293044 -0.460797 0.648655 
26.028785 0.010200 0.651408 
26.079903 0.051076 0.732633 
26.079327 0.051160 -0.218390 
26.028206 0.010262 -1.185048 
26.029364 0.010139 -1.188972 
26.029364 0.010139 -1.188972 
26.029364 0.010139 -1.188972 
26.029364 0.010139 -1.188972 
26.028785 0.010200 -1.188966 
26.028785 0.010200 -1.188966 
25.787254 0.478199 -1.185085 
25.787254 0.478199 -1.185085 
26.017349 0.012353 -1.188972 
26.015282 0.012780 -0.222714 
26.026720 0.010604 -0.222664 
26.026720 0.010604 -1.104515 
26.015282 0.012780 -1.104567 
26.015282 0.012780 -1.104567 
26.027299 0.010543 -1.104567 
26.027299 0.010543 -0.222714 
26.027299 0.010543 -0.222714 
26.080480 0.050992 -0.222665 
26.068558 0.053260 -0.222666 
26.276812 0.449220 -0.222672 
26.288012 0.446642 -0.218457 
26.338239 0.485955 -0.218458 
26.338814 0.485872 -0.226835 
26.289152 0.448231 -1.114764 
26.543231 -0.021608 -0.162108 
26.283030 -0.459222 -0.155910 
26.283030 -0.459222 -0.155910 
26.592550 0.019404 0.719090 
26.339379 0.487527 -0.233053 
26.286515 0.446973 -0.226928 
26.286515 0.446973 -0.222721 
26.286515 0.446973 -0.222721 
26.286515 0.446973 -0.222721 
26.029364 0.010139 -1.188972 
26.017349 0.012353 -1.188972 
26.327129 0.488562 -0.222673 
26.338814 0.485872 -0.222673 
26.080480 0.050992 -0.222665 
26.079327 0.051160 -0.222567 
26.337664 0.486039 -0.222575 
26.337664 0.486039 -0.218397 
26.079327 0.051160 -0.218390 
26.080480 0.050992 -0.222665 
26.339379 0.487527 -1.110914 
26.602822 0.017335 -0.162007 
26.602283 0.015769 -0.239359 
26.338814 0.485871 -1.185124 
26.338814 0.485872 -0.218520 
26.338239 0.485955 -0.218458 
26.338239 0.485955 -1.100662 
26.326554 0.488651 -1.104525 
26.016770 0.012420 -1.104486 
26.028785 0.010200 -1.104486 
26.338239 0.485955 -1.104524 
26.337664 0.486038 -1.100598 
26.079327 0.051160 -0.218390 
26.080480 0.050992 -0.222665 
26.029364 0.010139 -1.188972 
26.283030 -0.459223 -0.239374 
26.540625 -0.022769 0.725107 
26.287093 0.446913 -0.222770 
26.027878 0.010481 -1.104620 
26.039294 0.008315 -1.100671 
26.041357 0.007935 -1.185084 
26.029364 0.010139 -1.185084 
26.338814 0.485872 -0.218520 
26.338814 0.485872 -0.222673 
26.029364 0.010139 -1.188972 
26.293044 -0.460798 -0.235063 
26.552472 -0.025173 -0.151479 
26.288012 0.446641 -1.104518 
26.079903 0.051076 -0.222616 
26.079327 0.051160 -0.226752 
26.079327 0.051160 -0.226752 
26.091226 0.048890 -0.218390 
26.349327 0.483347 -0.218397 
26.338239 0.485955 -0.218458 
26.079903 0.051076 -0.218451 
26.079903 0.051076 -0.218451 
26.026720 0.010604 -1.100607 
26.027299 0.010543 -1.104567 
26.080480 0.050992 -1.188972 
26.080480 0.050992 -1.188972 
26.287079 0.448623 -1.110937 
26.529625 -0.019002 -0.162152 
26.269192 -0.457031 -0.155955 
26.028457 0.010420 -1.100800 
26.028457 0.010420 -1.100800 
26.027299 0.010543 -1.100671 
26.080480 0.050992 -0.300625 
26.091803 0.048812 -0.300610 
26.349903 0.483269 -1.100662 
26.338814 0.485872 -1.104577 
26.026751 0.008919 -0.216497 
26.025593 0.009043 -0.216398 
26.028206 0.010262 -0.222567 
26.028206 0.010262 -0.222567 
26.028206 0.010262 -0.222567 
26.028206 0.010262 -0.222567 
26.028206 0.010262 -0.222567 
26.027627 0.010323 0.737318 
26.025562 0.010727 -0.144164 
26.026720 0.010604 -1.100607 
26.026720 0.010604 -1.100607 
26.280140 -0.460423 -0.144293 
26.280140 -0.460423 -0.144293 
26.039294 0.008315 -1.104567 
26.039294 0.008315 -1.104567 
26.027299 0.010543 -1.104567 
26.027299 0.010543 -1.104567 
26.015282 0.012780 -1.104567 
26.015282 0.012780 -1.104567 
26.027299 0.010543 -1.100671 
26.027299 0.010543 -1.100671 
26.027299 0.010543 -1.104567 
26.027299 0.010543 -1.104567 
26.027299 0.010543 -1.104567 
26.027299 0.010543 -1.104567 
26.038135 0.008426 -1.104462 
26.038135 0.008426 -1.104462 
26.038135 0.008426 -1.104462 
26.038135 0.008426 -1.104462 
26.038135 0.008426 -1.104462 
-13.437346 -48.937567 -39.726508 
-13.437346 -48.937567 -39.726508 
11.675032 -22.039487 -26.931266 
11.675032 -22.039487 -26.931266 
11.675032 -22.039487 -26.931266 
11.675032 -22.039487 -26.931266 
26.349327 0.483347 -1.104472 
26.349327 0.483347 -1.104472 
26.297116 0.444431 -1.104495 
26.297116 0.444431 -1.104495 
26.297116 0.444431 -0.222622 
26.297116 0.444431 -0.222622 
26.091226 0.048890 -0.222567 
26.091226 0.048890 -0.222567 
26.040198 0.008046 -1.104433 
26.040198 0.008046 -1.104433 
26.040198 0.008046 -1.104433 
26.040198 0.008046 -1.104433 
26.037587 0.006807 -0.216398 
26.037587 0.006807 -0.216398 
26.297679 0.446078 -0.228839 
26.297679 0.446078 -0.228839 
26.040198 0.008046 -1.188960 
26.028206 0.010262 -1.185048 
26.287434 0.446702 -1.100592 
26.288590 0.446581 -1.104571 
26.341460 0.487047 -1.110884 
26.340885 0.487130 -1.110832 
26.289137 0.449942 -0.235057 
26.277361 0.452593 -0.230890 
26.275286 0.453007 -1.113313 
26.276440 0.452875 -1.117327 
26.328832 0.491789 -1.201766 
26.339943 0.489182 -1.197869 
26.029911 0.011762 -0.306876 
26.029911 0.011762 -0.315247 
26.027299 0.010543 -0.226921 
26.027299 0.010543 -0.222714 
26.286515 0.446973 -1.104600 
26.285359 0.447095 -1.104495 
26.079327 0.051160 -1.104433 
26.079327 0.051160 -1.100560 
26.028206 0.010262 -1.185048 
26.028785 0.010200 -0.227827 
26.288012 0.446642 0.737223 
26.287434 0.446703 0.732703 
26.287996 0.448353 -0.154716 
26.300330 0.445654 -1.106993 
26.300330 0.445654 -1.106993 
26.287996 0.448352 -1.106929 
26.287996 0.448352 -1.191454 
26.300330 0.445655 -0.234072 
26.300330 0.445655 0.731143 
26.300330 0.445655 -0.228840 
26.300330 0.445655 -0.228840 
26.277375 0.450874 -0.228889 
26.327693 0.490220 -1.195386 
26.339379 0.487526 -1.195386 
26.289152 0.448231 -1.110908 
26.289152 0.448231 -1.110908 
26.289152 0.448231 -1.110908 
26.300330 0.445654 -1.106993 
26.300330 0.445654 -1.106993 
26.289152 0.448231 -1.107057 
26.289152 0.448231 -1.107057 
26.289152 0.448231 -1.110908 
26.029911 0.011762 -0.311058 
26.029911 0.011762 -0.311058 
26.029911 0.011762 -0.311058 
26.041324 0.009611 -0.306861 
26.300330 0.445654 -1.106993 
26.300908 0.445600 -1.110908 
26.041904 0.009555 -0.311058 
26.017896 0.013980 -0.311058 
26.017349 0.012353 -0.304805 
26.029364 0.010139 -0.300625 
26.289715 0.449881 -1.113394 
26.289715 0.449881 -1.113394 
26.340507 0.490837 -0.319391 
26.339932 0.490920 -0.319375 
26.027815 0.013849 0.635662 
26.015799 0.016099 1.585430 
26.017318 0.014047 -0.238360 
26.029332 0.011824 -0.234065 
26.236455 0.410721 0.725043 
26.491157 -0.062558 0.720409 
26.539776 -0.024303 0.651162 
26.285359 0.447095 -0.300787 
26.337099 0.484382 -1.178715 
26.337099 0.484382 -1.178715 
26.286308 0.443401 -0.288099 
26.275108 0.445979 -0.292305 
26.067433 0.051718 -0.298549 
26.079931 0.049363 -0.298553 
26.026751 0.008919 -0.216497 
26.015312 0.011086 -0.216546 
26.017927 0.012286 -0.222715 
26.040778 0.007990 -0.218451 
26.300892 0.447302 -0.230890 
26.289715 0.449882 -0.235107 
26.340507 0.490838 -0.241325 
26.341082 0.490755 -0.237230 
26.550746 0.888975 -1.119895 
26.550169 0.889035 -1.123684 
26.289715 0.449881 -1.117246 
26.277938 0.452527 -1.117246 
26.276812 0.449220 -1.104571 
26.288590 0.446581 -1.104571 
26.285952 0.445323 -1.098262 
26.285952 0.445323 -1.098262 
26.285389 0.443673 -1.091925 
26.550487 -0.028026 -0.143495 
26.551026 -0.026466 -0.149697 
26.551026 -0.026466 -0.145401 
26.602859 0.015691 -0.151604 
26.338814 0.485872 -1.104577 
26.029911 0.011762 -1.195345 
26.029911 0.011762 -1.195345 
26.289715 0.449882 -0.235107 
26.277938 0.452527 -0.235107 
26.278500 0.454180 -0.241324 
26.289122 0.451652 -0.237045 
26.288559 0.450002 -0.313107 
26.288559 0.450002 -0.317313 
26.550519 0.887098 -1.117211 
26.550519 0.887098 -1.117211 
26.285359 0.447095 -1.104495 
26.274736 0.449636 -1.104600 
26.017349 0.012353 -1.104538 
26.041357 0.007935 -1.104538 
26.299784 0.442305 -1.098233 
26.276249 0.447566 -1.098233 
26.276249 0.447566 -1.098233 
26.033813 0.915770 -1.098285 
26.034400 0.917507 -1.104624 
26.287434 0.446702 -1.096723 
26.337664 0.486037 -1.181180 
26.338814 0.485871 -1.192905 
26.029364 0.010139 -1.108392 
26.293624 -0.460854 -0.155809 
26.293624 -0.460854 -0.155809 
26.029364 0.010139 -1.104538 
26.286515 0.446973 -0.222721 
26.286515 0.446973 -0.222721 
26.283877 0.445716 -1.098291 
26.283877 0.445716 -1.102237 
26.336168 0.484697 -1.186787 
26.335017 0.484864 -1.182838 
26.025046 0.007420 -0.210181 
26.025625 0.007358 -0.210230 
26.286886 0.443340 -0.210188 
26.298643 0.440712 -0.210188 
26.298643 0.440712 -0.210188 
26.275686 0.445912 -0.210237 
26.328648 0.486399 -1.098209 
26.351420 0.481159 -1.094341 
26.299767 0.444007 -1.100656 
26.299767 0.444007 -1.100656 
26.040778 0.007990 -0.218451 
26.029364 0.010139 -0.218512 
26.027299 0.010543 -0.218515 
26.026720 0.010604 -0.222664 
26.336157 0.486435 -1.189217 
26.325045 0.489066 -1.189224 
26.325045 0.489066 -1.189224 
26.325045 0.489066 -1.189224 
26.272096 0.448399 -1.098291 
26.295059 0.443099 -1.098238 
26.037620 0.005131 -0.210230 
26.025625 0.007358 -0.206021 
26.287449 0.444991 -1.094319 
26.298626 0.442415 -1.094255 
26.298064 0.440767 -0.205963 
26.297485 0.440823 -0.210089 
26.350268 0.481314 -1.098051 
26.339182 0.483902 -0.142266 
26.289508 0.446310 -0.148468 
26.290664 0.446189 -1.104540 
26.028817 0.008515 -1.098201 
26.028817 0.008515 -1.098201 
26.338814 0.485872 -0.222673 
26.351055 0.483115 -0.222723 
26.039873 0.008260 -0.305038 
26.280970 -0.458807 0.639211 
26.538557 -0.022366 0.720404 
26.273815 0.449918 -0.227097 
26.013823 0.011446 -1.102285 
26.024106 0.009385 -1.098206 
26.026172 0.008981 -0.216447 
26.026751 0.008919 -0.216497 
26.026751 0.008919 -0.216497 
26.290463 -0.461939 0.735971 
26.554002 -0.027114 -0.145278 
26.290102 0.444537 -1.098202 
26.290102 0.444537 -1.098202 
26.035894 0.915389 -1.098255 
26.087618 0.954597 -1.104605 
26.340896 0.485391 -1.104546 
26.028817 0.008515 -0.216448 
26.028817 0.008515 -0.216448 
26.027299 0.010543 -0.222714 
26.027299 0.010543 -0.222714 
26.027299 0.010543 -0.222714 
26.015282 0.012780 -0.222714 
26.325610 0.490724 -1.195597 
26.337297 0.488007 -1.195597 
26.027299 0.010543 -0.222714 
26.039294 0.008315 -0.222714 
26.091831 0.047108 -0.216448 
26.332718 -0.418203 0.731271 
26.282507 -0.460759 0.731275 
26.029975 0.008392 -0.220684 
26.291258 0.444416 -0.220596 
26.555161 -0.027226 0.731364 
26.295740 -0.462836 0.731387 
26.042295 0.005989 -0.216349 
26.042295 0.005989 -1.182380 
26.030883 0.008111 -1.182386 
26.028817 0.008515 -0.216448 
26.028238 0.008577 -0.216399 
26.285937 0.447034 -1.104547 
26.285359 0.447095 -0.148558 
26.026141 0.010666 0.651163 
26.026720 0.010604 -0.300793 
26.336157 0.486435 -1.185271 
26.348399 0.483649 -1.189223 
26.298273 0.444321 -1.104599 
26.286515 0.446973 -1.104600 
26.285952 0.445323 -0.216503 
26.285952 0.445323 -0.212305 
26.288027 0.444930 -1.094384 
26.288027 0.444930 -1.098233 
26.028270 0.006891 -0.210231 
26.281985 -0.462297 0.737356 
26.542156 -0.024737 -0.149703 
26.299784 0.442305 -1.098233 
26.349915 0.481540 -0.216456 
26.326564 0.486904 -0.216456 
26.068009 0.051628 -0.298553 
26.079931 0.049363 -0.298553 
26.286515 0.446973 -1.104600 
26.285359 0.447095 -1.104495 
26.285359 0.447095 -0.222622 
26.285359 0.447095 -0.218399 
26.285359 0.447094 -1.100575 
26.285359 0.447095 -0.148558 
26.078778 0.049531 0.657525 
26.079355 0.049447 -0.294358 
26.028238 0.008577 -0.212234 
26.028817 0.008515 -0.212296 
26.028270 0.006891 -0.206079 
26.027691 0.006953 -0.206018 
26.029757 0.006548 -0.287922 
26.017744 0.008739 -0.287922 
26.275672 0.447633 -1.094320 
26.287449 0.444991 -1.098180 
26.287449 0.444991 -1.098180 
26.045231 0.912741 -1.094358 
26.043152 0.913099 -1.094342 
26.043152 0.913099 -1.094342 
26.538351 -0.024148 -0.140963 
26.538351 -0.024148 -0.140963 
26.285952 0.445323 -1.098262 
26.285952 0.445323 -1.098262 
26.285952 0.445323 -1.102162 
26.285952 0.445323 -1.102162 
26.285952 0.445323 -1.098262 
26.285952 0.445323 -1.098262 
26.273595 0.448049 -1.098210 
26.273595 0.448049 -1.098210 
26.284796 0.445445 -1.098158 
26.284796 0.445445 -1.098158 
26.273595 0.448049 -1.098210 
26.273595 0.448049 -1.098210 
26.297132 0.442729 -1.094302 
26.297132 0.442729 -1.094302 
26.539508 -0.024271 -0.145401 
26.539508 -0.024271 -0.145401 
26.539508 -0.024271 -0.145401 
26.539508 -0.024271 -0.145401 
26.539508 -0.024271 -0.145401 
26.539508 -0.024271 -0.145401 
26.539508 -0.024271 -0.145401 
26.539508 -0.024271 -0.145401 
26.539508 -0.024271 -0.145401 
26.539508 -0.024271 -0.145401 
26.539508 -0.024271 -0.145401 
26.539508 -0.024271 -0.145401 
26.539508 -0.024271 -0.145401 
26.539508 -0.024271 -0.145401 
26.281928 -0.460697 0.735870 
26.281928 -0.460697 0.735870 
26.541577 -0.024675 -0.145402 
26.541577 -0.024675 -0.145402 
26.541577 -0.024675 -0.145402 
26.541577 -0.024675 -0.145402 
26.281405 -0.462234 0.741950 
26.281405 -0.462234 0.741950 
26.541577 -0.024675 -0.145402 
26.541577 -0.024675 -0.145402 
26.332141 -0.418118 0.735866 
26.332141 -0.418118 0.735866 
26.540046 -0.022708 0.729750 
26.540046 -0.022708 0.729750 
26.540046 -0.022708 0.729750 
26.540046 -0.022708 -0.151602 
26.540046 -0.022708 -0.151602 
26.539508 -0.024271 0.735829 
26.539508 -0.024271 0.735829 
26.279868 -0.460282 0.735852 
26.026751 0.008919 -0.216497 
26.285952 0.445323 -0.216503 
26.284796 0.445445 -0.212182 
26.336535 0.482727 -0.288101 
26.325424 0.485334 -0.292307 
26.275672 0.447633 -1.098181 
26.287449 0.444991 -1.094319 
26.287449 0.444991 -1.094319 
26.554768 -0.033841 0.680866 
26.554768 -0.033841 0.680866 
27.075696 0.835195 -0.183611 
27.075696 0.835195 -0.183611 
27.064200 -0.083964 0.759308 
27.064200 -0.083964 0.759308 
27.136641 -0.052645 -1.050850 
27.136641 -0.052645 -1.050850 
26.817860 -0.534818 0.005751 
26.817860 -0.534818 0.005751 
26.293112 0.406427 -0.950903 
26.293112 0.406427 -0.950903 
26.048512 -0.034775 -0.066382 
26.048512 -0.034775 -0.066382 
25.793158 0.434341 0.010927 
25.793158 0.434341 0.010927 
25.768252 0.439635 -0.871926 
25.768252 0.439635 -0.871926 
26.239045 0.366698 -0.954107 
26.239045 0.366698 -0.954107 
26.291501 0.406245 -0.954259 
26.291501 0.406245 -0.954259 
26.808947 1.284611 -1.045641 
26.808947 1.284611 -1.045641 
27.893883 1.255559 -0.306194 
27.893883 1.255559 -0.306194 
28.954761 1.184328 -0.291329 
28.954761 1.184328 -0.291329 
29.776714 2.535276 -0.466930 
29.776714 2.535276 -0.466930 
31.070719 1.099278 0.351022 
31.070719 1.099278 0.351022 
31.574492 1.025677 0.277169 
31.574492 1.025677 0.277169 
31.861472 0.595304 0.263413 
31.861472 0.595304 0.263413 
32.088003 0.085920 0.260359 
32.088003 0.085920 0.260359 
32.907291 0.531360 0.175634 
32.907291 0.531360 0.175634 
33.693429 0.939303 0.077101 
33.693429 0.939303 0.077101 
33.710276 0.071547 0.072156 
33.710276 0.071547 0.072156 
34.506116 1.384990 -0.971078 
34.506116 1.384990 -0.971078 
35.551511 1.321625 -0.206027 
35.551511 1.321625 -0.206027 
36.330775 0.820958 -0.384257 
36.330775 0.820958 -0.384257 
38.424718 1.570331 -0.680085 
38.424718 1.570331 -0.680085 
39.781469 3.766038 0.062063 
39.781469 3.766038 0.062063 
42.340582 1.763429 -2.822854 
42.340582 1.763429 -2.822854 
42.336169 1.764052 -2.904349 
42.336169 1.764052 -2.904349 
43.088111 0.352551 -3.787754 
43.088111 0.352551 -3.787754 
43.080301 0.354795 -4.662586 
43.080301 0.354795 -4.662586 
42.295615 -0.045418 -6.339680 
42.295615 -0.045418 -6.339680 
42.563719 1.283875 -8.091673 
42.563719 1.283875 -8.091673 
42.319340 2.679608 -11.733487 
42.319340 2.679608 -11.733487 
42.586023 3.107369 -9.839057 
42.586023 3.107369 -9.839057 
42.073806 3.107530 -11.323523 
42.073806 3.107530 -11.323523 
41.803114 3.577532 -9.436455 
41.803114 3.577532 -9.436455 
41.786126 3.619459 -9.260462 
41.786126 3.619459 -9.260462 
41.532033 3.132584 -9.071947 
41.532033 3.132584 -9.071947 
41.749909 2.632288 -8.951580 
41.749909 2.632288 -8.951580 
42.495341 3.025973 -9.838554 
42.231912 3.453627 -10.724014 
41.956198 3.054946 -9.558111 
41.956198 3.054946 -9.558111 
41.942930 3.071914 -9.327107 
41.422959 3.908260 -9.512725 
41.682865 4.282542 -9.177657 
41.670241 4.259691 -9.267844 
41.397109 3.857954 -8.078645 
41.136540 4.265327 -8.974274 
41.120552 4.265470 -9.556530 
41.120552 4.265470 -9.556530 
40.595442 3.441562 -7.397179 
40.570361 3.396294 -7.649307 
40.560897 3.378124 -8.990401 
40.043904 4.165394 -8.348824 
39.777627 3.766666 -6.282023 
39.777627 3.766666 -6.282023 
39.768477 3.757853 -5.939110 
39.738356 3.713160 -6.993211 
39.731922 3.703741 -6.699891 
39.712013 3.671765 -6.867017 
39.455257 3.283465 -5.655534 
39.681759 2.873631 -5.089692 
39.429721 2.476305 -4.585352 
38.916473 3.222826 -6.250164 
38.916473 3.222826 -6.250164 
39.383625 2.443689 -6.459374 
39.387088 2.415030 -4.891070 
39.601245 2.027116 -3.669331 
39.364004 1.666231 -3.278650 
39.085877 2.015118 -4.218139 
39.095378 2.009570 -3.077084 
39.545930 1.281120 -3.304505 
39.561291 1.304603 -2.973024 
39.039953 1.996270 -4.572882 
39.054454 1.971266 -3.414721 
39.014416 1.956877 -3.000121 
38.790985 1.627913 -2.307479 
39.477112 0.607305 -1.235880 
39.477112 0.607305 -1.235880 
39.680262 0.266279 -2.219985 
39.102547 -0.583507 -0.414947 
39.308379 -0.906585 -0.711140 
38.968347 -1.352680 -0.702782 
38.927843 -1.337451 -1.323853 
39.066211 -1.159978 -0.413935 
39.264552 -1.467623 -1.024405 
39.403415 -1.290052 -0.106691 
39.601259 -1.592726 0.878178 
39.601259 -1.592726 0.878178 
39.562677 -1.583775 -0.055447 
40.187131 -0.793256 -0.505808 
40.269610 -0.944875 -0.154130 
40.046656 -1.228811 0.706525 
40.140529 -1.376639 0.423487 
40.263456 -1.226674 0.957659 
40.473478 -1.522328 0.364288 
40.118278 -1.920059 0.599491 
40.340339 -2.211570 0.318784 
39.691776 -2.991179 0.997690 
39.917393 -3.269904 0.703977 
39.381437 -3.919960 1.103845 
39.965802 -4.632456 1.436663 
39.257791 -5.488093 2.758907 
39.480571 -5.746045 2.519773 
39.543563 -5.635542 2.202700 
39.760720 -5.898683 1.706074 
40.525499 -4.978516 1.506033 
40.157574 -4.542677 1.045246 
40.805104 -3.736555 1.109867 
40.553838 -3.440600 0.940341 
40.900621 -2.993081 1.237737 
41.252318 -3.418486 1.217998 
41.357556 -3.250247 1.513715 
41.352197 -3.238763 1.966311 
41.915913 -2.571419 2.177604 
41.468849 -2.010748 1.903912 
41.092459 -2.375217 1.646675 
41.117960 -2.379014 1.679811 
40.923456 -2.606482 2.017904 
40.770440 -2.396596 2.212446 
41.274337 -1.779207 1.822846 
41.457479 -1.987975 1.413744 
41.434643 -1.964803 1.825980 
41.565785 -2.106916 1.558508 
41.666479 -1.970939 1.649867 
41.464159 -1.697978 1.819766 
41.496080 -1.629759 1.386629 
42.223121 -2.478860 1.242610 
42.475953 -2.119719 1.914661 
42.455003 -2.055773 1.935292 
42.246717 -2.280748 1.758470 
42.873884 -2.992877 1.785864 
42.931819 -2.837147 2.393382 
42.803957 -2.627456 2.447008 
43.315674 -1.944158 1.667699 
43.498291 -2.098317 1.278069 
43.726725 -1.771430 0.968279 
43.580809 -1.504064 1.014615 
43.799277 -1.175377 1.613599 
44.103342 -1.472102 1.934258 
44.374760 -1.099468 1.539843 
44.654710 -1.332345 1.109695 
44.666036 -1.202678 0.685995 
45.469732 -2.083824 1.946387 
45.469732 -2.083824 1.946387 
45.595912 -2.102432 1.642963 
45.710581 -1.715351 2.228914 
45.306750 -1.074994 1.400479 
45.857377 -0.276553 1.694517 
45.882033 -0.152394 2.290607 
45.882033 -0.152394 2.290607 
46.210167 -0.395712 3.196620 
46.637626 0.371126 2.437213 
46.912207 0.201306 1.731906 
46.484450 -0.030240 2.359630 
46.830208 -0.272995 2.542197 
47.057499 0.088212 1.498340 
47.053648 0.290757 1.152857 
46.632623 0.043249 1.591471 
46.673179 0.209950 1.487497 
46.559290 0.368253 1.384891 
46.565426 0.605011 1.595554 
46.270106 0.476059 1.028297 
46.294720 0.678029 0.704807 
46.044787 0.710216 1.152084 
46.482330 0.393495 1.984357 
46.030187 0.159043 2.380958 
45.842694 0.652987 2.153039 
45.767975 0.781898 2.097486 
45.584682 1.282842 2.207911 
45.433606 1.443214 1.672295 
45.511587 1.615915 1.264333 
45.307075 1.623292 2.025312 
45.246170 1.979686 2.889148 
45.246170 1.979686 2.889148 
44.911967 2.707933 2.447937 
43.805176 2.124373 1.942705 
43.688069 2.556710 2.458655 
43.688069 2.556710 2.458655 
43.049196 3.685888 1.998742 
43.049196 3.685888 1.998742 
43.093052 3.900561 3.061838 
43.093052 3.900561 3.061838 
42.633817 4.780622 2.281791 
42.633817 4.780622 2.281791 
42.277668 5.519359 3.130742 
42.277668 5.519359 3.130742 
41.921483 6.259397 2.682284 
41.921483 6.259397 2.682284 
41.921483 6.259397 2.682284 
38.120700 3.839774 2.462855 
38.120700 3.839774 2.462855 
37.222175 3.111077 2.616895 
37.222175 3.111077 2.616895 
36.460569 2.514625 1.895256 
36.460569 2.514625 1.895256 
35.699935 1.920945 2.211341 
35.699935 1.920945 2.211341 
35.110137 1.405745 3.198088 
35.110137 1.405745 3.198088 
34.151011 0.551505 2.652189 
29.602309 7.284586 3.122648 
28.951236 6.633046 2.482744 
27.749065 8.115351 2.550524 
27.749065 8.115351 2.550524 
27.424824 8.618021 2.313688 
26.918336 8.297092 2.481132 
26.108340 9.332130 2.816759 
25.696998 8.939220 2.638285 
25.696998 8.939220 2.638285 
25.114979 8.236842 2.853037 
25.114979 8.236842 2.853037 
24.386437 7.372789 3.163453 
22.748198 9.262242 4.077061 
22.412519 8.863344 3.278591 
21.740469 9.496007 3.326262 
21.476231 9.177455 3.545360 
21.100656 9.627548 3.875019 
21.150938 9.793861 3.069970 
20.771056 10.238228 3.682082 
20.063270 9.250961 3.756918 
19.362770 9.854311 3.519997 
19.362770 9.854311 3.519997 
19.445598 9.785298 3.547438 
18.809030 8.903264 2.809966 
17.924094 9.825678 2.563437 
17.872830 9.758708 2.638831 
17.593918 9.952330 2.927606 
17.346907 9.656002 2.892425 
17.299779 9.605954 3.700866 
16.896331 8.854490 3.757326 
16.465982 9.269000 3.473699 
16.141709 8.632386 2.804285 
16.141709 8.632386 2.804285 
15.941670 8.374763 1.906256 
15.768265 8.460146 1.872864 
15.780633 8.605595 2.438801 
15.320201 9.009104 2.144349 
15.399358 9.102621 2.104536 
15.523154 9.017654 2.853425 
15.110743 8.109539 3.109899 
14.190393 8.757572 2.296972 
14.190393 8.757572 2.296972 
14.407578 8.668810 1.966899 
14.301806 8.255372 2.217565 
14.060885 8.419470 2.899925 
14.077153 8.561452 3.031506 
14.077153 8.561452 3.031506 
13.973463 8.215161 3.175379 
13.803300 8.314904 2.968623 
13.946841 8.486169 2.630596 
14.696728 7.967788 2.704133 
14.367166 7.123769 3.969594 
14.334112 7.072126 4.090073 
14.399145 7.077481 4.072596 
14.125516 7.245308 4.190390 
13.887814 6.570628 4.492753 
13.887814 6.570628 4.492753 
13.887814 6.570628 4.492753 
13.531135 6.680963 4.192584 
13.553700 6.608719 4.444564 
13.672477 6.549199 4.516577 
14.023918 6.883547 4.178966 
14.581548 6.405222 3.729411 
14.785695 6.630999 3.695366 
14.732060 6.786265 3.243983 
14.732060 6.786265 3.243983 
15.032355 6.526927 3.252227 
15.293675 6.869966 4.193798 
15.494233 6.617688 3.720546 
15.861829 6.955626 5.053772 
15.861829 6.955626 5.053772 
15.861829 6.955626 5.053772 
16.726811 6.252115 4.958967 
17.156085 6.511847 6.537775 
17.156085 6.511847 6.537775 
17.138889 6.242994 6.867543 
17.819930 5.577201 6.775911 
17.631013 4.972534 6.719399 
18.411849 4.140572 6.202337 
18.411849 4.140572 6.202337 
18.804072 3.711522 6.134308 
17.717781 1.223691 6.362825 
17.717781 1.223691 6.362825 
17.310698 0.163227 5.991651 
18.941358 -1.476124 5.364739 
18.708951 -2.170736 4.974485 
18.708951 -2.170736 4.974485 
18.835100 -2.195632 5.175268 
18.835100 -2.195632 5.175268 
18.997533 -2.195981 6.063381 
18.997533 -2.195981 6.063381 
19.592945 -1.526546 6.308494 
21.446060 -3.558602 4.467193 
22.232270 -2.524795 5.242205 
22.533191 -2.936023 5.092372 
23.116875 -2.237410 5.255468 
23.630900 -2.841760 4.625942 
24.042042 -2.460660 4.765046 
24.772606 -3.257312 4.980975 
25.032142 -3.178130 6.335378 
25.554026 -3.766178 6.113602 
26.403251 -2.700245 5.567798 
26.845735 -3.323457 5.373184 
27.506248 -2.582576 5.418894 
27.491082 -2.821343 5.222308 
27.996047 -2.374434 4.619190 
28.868516 -3.387670 4.841170 
29.166656 -3.278861 6.103620 
29.095270 -3.517185 5.430642 
29.809598 -2.771699 4.810479 
30.437780 -3.587083 4.547773 
31.176745 -2.825290 5.141486 
31.550454 -3.452696 4.430023 
32.508977 -2.380280 3.749297 
33.324180 -3.414952 4.310154 
33.880520 -2.951050 5.428824 
34.008775 -3.389839 5.134213 
35.424793 -1.684958 5.575866 
35.311492 -1.949393 5.711683 
36.737097 -0.254261 5.542575 
36.858313 -0.726497 5.677983 
37.840931 0.330358 5.493984 
37.744594 0.056473 4.722916 
38.727620 1.077855 4.264690 
39.338646 0.208091 4.802887 
39.649899 0.303496 4.943582 
40.265193 -0.565341 4.571937 
40.793954 -0.185473 4.706843 
41.415734 -1.059754 4.762547 
41.929686 -0.670135 5.170347 
42.671582 -1.643497 5.215377 
43.176471 -1.265903 5.554530 
43.600667 -1.946569 5.836367 
44.448298 -1.168786 5.877690 
44.880524 -1.854546 6.177435 
45.591332 -1.230439 5.958926 
45.817058 -1.718008 5.129230 
46.941375 -0.532205 4.626244 
46.951631 -0.821723 5.177566 
46.955969 -1.064536 5.522595 
47.585320 -1.861684 5.819643 
47.692588 -1.965643 6.408174 
47.692588 -1.965643 6.408174 
47.913643 -1.944861 6.476800 
47.913643 -1.944861 6.476800 
48.240672 -1.791626 6.491881 
50.391912 -4.468380 6.229864 
50.714202 -4.332262 6.434209 
50.714202 -4.332262 6.434209 
51.577213 -3.550020 6.584878 
51.577213 -3.550020 6.584878 
52.641177 -2.534747 6.219216 
52.641177 -2.534747 6.219216 
53.756178 -1.392669 6.288441 
55.436500 -3.659372 7.930185 
56.866869 -2.221834 7.050119 
56.760064 -2.206599 6.752411 
57.925462 -1.045104 5.967888 
57.925462 -1.045104 5.967888 
58.483077 -0.583036 6.480360 
60.111421 -2.278569 8.210407 
60.512017 -2.033641 7.851741 
61.151194 -2.694120 8.171297 
61.648536 -2.348709 8.561875 
62.472239 -3.188951 9.011414 
62.962018 -2.795524 8.843694 
63.138228 -3.015008 9.051522 
63.138228 -3.015008 9.051522 
63.788406 -3.517395 9.447876 
63.788406 -3.517395 9.447876 
64.000885 -3.715563 9.247757 
64.000885 -3.715563 9.247757 
64.850034 -4.378018 9.915199 
67.586250 -1.914845 8.484000 
67.586250 -1.914845 8.484000 
68.285097 -1.204405 8.319538 
69.348093 -1.991963 8.975381 
69.701307 -1.710622 7.867728 
69.879763 -1.766069 8.662574 
70.528090 -1.099715 9.458585 
70.587093 -0.979646 9.793149 
71.280995 -0.232845 8.920010 
72.161916 -0.842363 9.687629 
72.288685 -0.673804 9.827352 
72.989027 -1.525219 10.322003 
72.965138 -1.753138 10.825575 
73.709490 -2.321570 10.712378 
74.606519 -1.362917 9.956524 
75.314357 -1.872970 10.785932 
76.217277 -0.914640 10.656207 
76.519142 -1.010988 11.214971 
76.776811 -0.722161 10.674603 
77.245418 -0.181233 10.740554 
77.245418 -0.181233 10.740554 
78.761761 0.417710 11.220162 
78.761761 0.417710 11.220162 
79.405681 1.071159 10.748717 
79.405681 1.071159 10.748717 
79.618138 1.246858 10.635281 
79.618138 1.246858 10.635281 
80.303035 2.003856 10.210603 
80.303035 2.003856 10.210603 
82.103327 1.238617 12.313260 
82.103327 1.238617 12.313260 
82.935949 1.947869 12.070201 
82.935949 1.947869 12.070201 
84.557646 1.573394 12.365854 
84.557646 1.573394 12.365854 
85.244541 2.155330 12.130464 
85.244541 2.155330 12.130464 
85.739720 2.745402 11.882349 
85.739720 2.745402 11.882349 
86.032209 2.881723 11.647849 
86.032209 2.881723 11.647849 
86.620361 3.548231 10.417696 
86.620361 3.548231 10.417696 
86.895894 3.691072 10.549933 
86.895894 3.691072 10.549933 
87.104010 3.832445 9.991515 
87.104010 3.832445 9.991515 
87.585611 4.324885 9.469433 
87.585611 4.324885 9.469433 
87.608432 4.213853 9.561676 
87.608432 4.213853 9.561676 
88.072390 4.601857 8.567709 
88.072390 4.601857 8.567709 
91.467723 3.793981 11.005749 
91.467723 3.793981 11.005749 
91.584480 3.901298 10.488784 
91.584480 3.901298 10.488784 
91.748584 4.182373 9.949162 
91.748584 4.182373 9.949162 
92.957058 4.617258 10.149951 
92.957058 4.617258 10.149951 
93.176445 4.911370 9.949147 
93.176445 4.911370 9.949147 
93.246313 5.045346 9.793735 
93.246313 5.045346 9.793735 
93.074706 4.857972 9.995929 
93.074706 4.857972 9.995929 
92.916913 4.851128 9.920541 
92.916913 4.851128 9.920541 
92.923008 4.829793 10.163646 
93.607531 5.004062 10.574812 
93.309957 4.839410 10.009471 
93.284150 4.872707 10.116400 
93.151793 4.709557 9.711864 
93.151793 4.709557 9.711864 
93.043663 4.737762 9.936403 
93.043663 4.737762 9.936403 
93.043663 4.737762 9.936403 
92.639316 4.618167 9.844589 
92.639316 4.618167 9.844589 
92.348058 4.502424 9.913417 
92.348058 4.502424 9.913417 
91.390971 4.211801 9.627634 
91.390971 4.211801 9.627634 
90.457033 4.090159 9.017652 
90.457033 4.090159 9.017652 
89.935184 4.450590 8.143447 
89.935184 4.450590 8.143447 
89.856420 4.288177 7.770904 
89.411931 3.965971 8.114424 
89.197879 4.071823 7.491808 
88.525585 3.768429 7.427497 
88.525585 3.768429 7.427497 
88.525585 3.768429 7.427497 
87.302935 4.772077 6.591958 
87.302935 4.772077 6.591958 
86.848267 4.446116 7.327923 
86.848267 4.446116 7.327923 
85.716125 5.083481 7.087162 
85.716125 5.083481 7.087162 
84.914634 5.213902 6.969230 
84.914634 5.213902 6.969230 
84.100231 6.065411 7.153908 
84.100231 6.065411 7.153908 
83.083430 5.981684 8.143456 
83.083430 5.981684 8.143456 
82.631188 6.673969 8.161617 
82.631188 6.673969 8.161617 
81.805027 6.808426 8.720417 
81.805027 6.808426 8.720417 
80.233568 8.144831 8.810291 
80.233568 8.144831 8.810291 
78.971352 8.708449 8.431021 
78.971352 8.708449 8.431021 
78.357965 7.661228 9.148219 
78.357965 7.661228 9.148219 
77.798786 7.295217 8.361657 
77.798786 7.295217 8.361657 
77.303050 6.697190 8.658598 
77.303050 6.697190 8.658598 
76.287050 6.821686 8.214550 
75.996368 6.887614 8.678581 
75.663622 7.554774 8.714074 
75.095628 7.223261 8.812065 
74.680314 7.764901 7.243248 
74.680314 7.764901 7.243248 
74.013681 7.720489 7.039711 
74.013681 7.720489 7.039711 
73.477999 7.016295 7.223396 
73.477999 7.016295 7.223396 
72.528818 7.229535 6.913288 
72.528818 7.229535 6.913288 
72.340906 7.425938 7.229788 
72.340906 7.425938 7.229788 
70.716511 7.060404 8.073932 
70.716511 7.060404 8.073932 
70.065618 6.802063 7.898292 
70.065618 6.802063 7.898292 
69.534737 6.338947 8.884357 
69.419088 6.602702 9.031650 
69.419088 6.602702 9.031650 
69.170862 6.928677 8.470887 
69.170862 6.928677 8.470887 
68.894947 7.301052 8.789585 
68.894947 7.301052 8.789585 
68.111529 8.665956 8.355996 
68.111529 8.665956 8.355996 
67.719494 9.299507 7.922955 
67.719494 9.299507 7.922955 
67.366926 9.891975 8.444090 
67.366926 9.891975 8.444090 
67.501173 9.475233 7.424652 
67.501173 9.475233 7.424652 
67.582708 9.181955 7.508935 
67.582708 9.181955 7.508935 
67.600949 9.223376 7.680573 
67.600949 9.223376 7.680573 
67.600949 9.223376 7.680573 
67.600949 9.223376 7.680573 
67.600949 9.223376 7.680573 
67.600949 9.223376 7.680573 
67.600949 9.223376 7.680573 
67.600949 9.223376 7.680573 
67.600949 9.223376 7.680573 
67.600949 9.223376 7.680573 
67.600949 9.223376 7.680573 
67.600949 9.223376 7.680573 
67.600949 9.223376 7.680573 
67.600949 9.223376 7.680573 
67.600949 9.223376 7.680573 
67.600949 9.223376 7.680573 
62.289538 4.665348 9.092553 
62.289538 4.665348 9.092553 
62.289538 4.665348 9.092553 
62.369312 4.569675 9.188326 
62.369312 4.569675 9.188326 
62.068915 4.246031 9.277855 
61.905910 3.798363 9.020024 
61.905910 3.798363 9.020024 
62.066313 3.931324 9.114235 
62.066313 3.931324 9.114235 
62.084575 3.830421 9.002645 
62.084575 3.830421 9.002645 
62.103691 3.730385 9.050303 
62.103691 3.730385 9.050303 
61.591477 3.161329 8.936918 
61.591477 3.161329 8.936918 
61.493318 2.939378 9.466061 
61.493318 2.939378 9.466061 
61.162134 2.477331 9.337862 
61.162134 2.477331 9.337862 
61.508493 2.716211 9.637790 
61.508493 2.716211 9.637790 
61.688102 2.723024 9.322070 
61.688102 2.723024 9.322070 
61.140403 2.129552 9.127549 
61.140403 2.129552 9.127549 
60.795329 1.769401 9.592252 
60.795329 1.769401 9.592252 
60.473920 1.287987 9.631935 
60.473920 1.287987 9.631935 
60.222679 1.034386 9.825109 
60.222679 1.034386 9.825109 
60.958073 -2.572562 5.443264 
60.958073 -2.572562 5.443264 
61.066616 -2.703088 5.091800 
61.066616 -2.703088 5.091800 
61.090327 -2.718183 5.394544 
61.090327 -2.718183 5.394544 
61.024067 -2.598944 5.537371 
61.024067 -2.598944 5.537371 
60.811322 -2.559502 5.625546 
60.811322 -2.559502 5.625546 
60.754181 -2.540282 6.220917 
60.754181 -2.540282 6.220917 
60.729217 -2.480924 6.153887 
60.729217 -2.480924 6.153887 
61.113654 -1.903525 4.385828 
61.113654 -1.903525 4.385828 
61.379456 -2.227134 4.652659 
61.379456 -2.227134 4.652659 
61.136259 -1.757351 4.015627 
61.136259 -1.757351 4.015627 
61.128771 -1.683144 4.809022 
61.128771 -1.683144 4.809022 
61.251384 -0.948091 1.666548 
61.251384 -0.948091 1.666548 
61.583482 -0.534669 1.863338 
61.583482 -0.534669 1.863338 
61.455157 -0.180307 1.640188 
61.455157 -0.180307 1.640188 
61.679100 -0.023095 0.115737 
61.679100 -0.023095 0.115737 
61.679100 -0.023095 0.115737 
61.679100 -0.023095 0.115737 
61.430704 -0.636325 -0.278988 
61.430704 -0.636325 -0.278988 
61.438111 -0.725461 -1.113315 
61.438111 -0.725461 -1.113315 
61.127066 -1.416311 -1.287626 
61.127066 -1.416311 -1.287626 
60.832389 -1.754775 -2.678886 
60.832389 -1.754775 -2.678886 
60.832389 -1.754775 -2.678886 
60.832389 -1.754775 -2.678886 
60.832389 -1.754775 -2.678886 
60.832389 -1.754775 -2.678886 
60.832389 -1.754775 -2.678886 
60.832389 -1.754775 -2.678886 
60.832389 -1.754775 -2.678886 
60.832389 -1.754775 -2.678886 
59.194131 1.842042 -3.212456 
59.194131 1.842042 -3.212456 
59.194131 1.842042 -3.212456 
59.194131 1.842042 -3.212456 
58.901385 2.545469 -2.822208 
58.901385 2.545469 -2.822208 
58.825980 2.807365 -2.639262 
58.825980 2.807365 -2.639262 
58.531210 3.427368 -2.808038 
58.531210 3.427368 -2.808038 
58.458607 3.684220 -2.985199 
58.458607 3.684220 -2.985199 
58.712091 3.404587 -2.468612 
58.712091 3.404587 -2.468612 
58.063652 4.545756 -2.315052 
58.063652 4.545756 -2.315052 
58.043363 4.806259 -2.887626 
58.043363 4.806259 -2.887626 
58.535618 4.141333 -2.414627 
58.535618 4.141333 -2.414627 
58.232594 4.753505 -1.559176 
58.232594 4.753505 -1.559176 
58.032442 5.187985 -1.766912 
58.032442 5.187985 -1.766912 
58.035990 5.255375 -0.898021 
58.035990 5.255375 -0.898021 
58.324555 4.967731 -0.761362 
58.324555 4.967731 -0.761362 
58.337134 5.036985 -0.608111 
57.692959 6.228332 -1.889306 
57.692959 6.228332 -1.889306 
57.692959 6.228332 -1.889306 
57.654064 6.290836 -1.002851 
57.654064 6.290836 -1.002851 
57.441667 6.738647 -1.564503 
57.441667 6.738647 -1.564503 
57.465379 6.811840 -1.420500 
57.213074 7.244372 -1.255425 
55.288894 2.772677 -10.533457 
54.840987 3.710661 -9.631371 
54.312373 2.950254 -9.669053 
54.057995 3.436139 -10.369390 
53.532968 2.665821 -11.347210 
53.355434 3.168424 -12.071901 
53.355434 3.168424 -12.071901 
53.108033 3.646653 -11.989284 
52.577364 2.855182 -11.300521 
52.131038 3.797254 -12.023415 
52.394584 4.169466 -15.614381 
52.403264 4.202901 -15.572457 
51.923591 3.391591 -13.872459 
51.923300 3.417886 -12.984258 
52.416507 4.206108 -13.184533 
52.219948 4.709918 -13.944217 
52.760240 5.473452 -14.097111 
52.803604 5.526400 -13.235708 
52.322212 4.716244 -13.307768 
52.314075 4.738120 -13.254239 
51.782413 3.941068 -13.272974 
51.791916 3.966565 -14.035574 
51.834963 3.935130 -14.111509 
51.796893 3.936269 -13.230093 
51.748010 3.956534 -13.305949 
51.748010 3.956534 -13.305949 
51.743864 3.951247 -13.381560 
51.111875 5.435412 -13.311931 
51.695533 6.210263 -13.422918 
51.718514 6.245608 -13.370351 
51.132520 5.462717 -11.574117 
51.359466 5.005557 -11.505916 
51.398292 4.981762 -11.487853 
50.932387 5.950988 -11.446284 
50.384206 5.140805 -11.410248 
50.861444 4.206352 -10.483555 
51.445920 4.993371 -10.620861 
51.221371 5.492826 -10.582128 
51.219160 5.491095 -10.626084 
51.235994 5.515941 -10.589600 
51.232339 5.513851 -12.457000 
51.008019 6.015443 -12.422045 
51.000690 6.015780 -12.453025 
51.025809 6.045041 -11.529248 
51.025809 6.045041 -11.529248 
51.017947 6.051743 -12.382722 
50.456900 5.229598 -10.509678 
50.688316 4.750313 -10.472490 
50.685318 4.749427 -10.502093 
50.685318 4.749427 -10.502093 
50.137118 3.916863 -10.588318 
51.062772 1.979422 -8.704402 
50.513869 1.142976 -6.875838 
50.547236 1.153361 -6.876606 
50.545779 1.150436 -6.978932 
50.773340 0.665120 -6.035475 
50.856013 0.580586 -5.984931 
50.864704 0.582963 -5.984968 
50.823006 0.619831 -4.222472 
50.828251 0.619186 -2.295657 
50.829205 0.613273 -0.605057 
50.828376 0.613476 -0.597379 
50.830933 0.610910 -2.334408 
51.055917 0.123303 -2.334366 
51.602839 0.965735 -2.334692 
51.579841 0.960651 -2.319667 
51.584338 0.959576 -2.318904 
51.584441 0.961130 -1.325816 
51.586689 0.960585 -1.411046 
51.362724 1.451600 -2.401671 
50.817103 0.610854 -0.580564 
51.020130 0.120070 0.406385 
50.477471 -0.721602 0.418707 
50.013443 0.250962 -0.573785 
50.015670 0.250440 -0.573214 
50.012892 0.249755 -0.575782 
50.010666 0.250271 -0.491300 
50.245446 -0.236639 0.496140 
50.207954 -0.193662 0.409619 
49.976734 0.292275 -0.573216 
50.015670 0.250440 -0.573214 
50.015670 0.250440 -0.573214 
50.015670 0.250440 -0.573214 
50.263119 -0.231964 -0.573348 
50.772264 0.652465 -0.572807 
50.764753 0.652945 -0.562761 
50.806473 0.612439 -2.288966 
50.806473 0.612439 -2.288966 
50.806473 0.612442 -0.562757 
50.806473 0.612442 -0.562757 
50.764753 0.652945 -0.562761 
50.770933 0.654453 -0.565283 
50.770933 0.654453 -0.565283 
50.762584 0.650323 -0.570381 
50.802046 0.610396 -0.485968 
50.802046 0.610396 0.508928 
50.804284 0.609860 -1.299328 
50.804284 0.609860 -1.299328 
50.253528 -0.231418 0.520139 
50.027401 0.257690 -0.466668 
50.577223 1.100479 -2.205768 
50.802046 0.610394 -2.213006 
50.762584 0.650320 -2.296373 
50.762584 0.650320 -2.296373 
50.804284 0.609859 -2.296357 
50.579457 1.099947 -2.292174 
50.029628 0.257138 -0.553635 
50.257847 -0.229776 -0.551164 
50.806473 0.612442 -0.562757 
50.803502 0.611666 -0.562757 
50.761804 0.652156 -0.562761 
50.771714 0.652613 -0.570340 
50.771714 0.652613 -0.570340 
50.762584 0.650325 0.422392 
50.802046 0.610393 -1.299880 
50.805016 0.611173 -1.302714 
50.805016 0.611176 0.419444 
50.804184 0.611360 0.424069 
50.764707 0.651326 -1.296649 
50.764707 0.651326 -1.296649 
50.806422 0.610817 -1.296639 
50.804006 0.609919 -2.296397 
50.255483 -0.231917 -0.558826 
50.255483 -0.231917 -0.558826 
50.255483 -0.231917 -0.558826 
50.255483 -0.231917 -0.558826 
50.217930 -0.189006 -0.558274 
50.217930 -0.189006 -0.558274 
50.255483 -0.231917 -0.558826 
50.265382 -0.230532 0.436135 
50.225529 -0.186988 0.436134 
50.219340 -0.187998 -0.558699 
50.219600 -0.190044 -0.570265 
50.215958 -0.190406 -0.570391 
50.801768 0.610456 -0.485987 
50.801768 0.610456 -0.485987 
50.253252 -0.231357 -0.474424 
50.248836 -0.230115 -0.466780 
50.757752 0.651651 -0.562928 
50.757752 0.651651 -0.562928 
50.211308 -0.187065 -0.551330 
50.211308 -0.187065 -0.551330 
50.799423 0.611126 -2.289128 
50.799423 0.611126 -2.289128 
50.251067 -0.230670 -0.551332 
50.251067 -0.230670 -0.551332 
50.799423 0.611126 -2.289128 
50.799423 0.611126 -2.289128 
50.799423 0.611126 -2.289128 
50.576539 1.099049 -2.289157 
50.026843 0.256449 -0.551081 
50.026843 0.256449 -0.551081 
50.574305 1.099584 -0.478290 
50.805016 0.611176 -0.488509 
50.765534 0.651111 -0.572942 
50.765534 0.651111 -0.572942 
50.805016 0.611172 -2.299927 
50.574305 1.099570 -2.289688 
50.535593 1.137802 -2.289185 
50.763136 0.650177 -2.299301 
50.763136 0.650177 -2.299301 
50.763136 0.650177 -2.299301 
50.763136 0.650177 -2.299301 
50.763136 0.650177 -2.299301 
50.763136 0.650177 -2.299301 
50.540838 1.139767 -2.289268 
50.581820 1.100968 -2.289240 
50.807254 0.610633 -2.299372 
50.767773 0.650485 -0.656914 
50.773953 0.651975 -0.656847 
50.264553 -0.230342 1.100545 
50.255286 -0.230404 1.112645 
50.215499 -0.186842 -0.548567 
49.987547 0.298371 -1.527688 
50.535317 1.137883 -1.539826 
50.535593 1.137816 -0.562751 
50.535593 1.137816 -0.562751 
50.535593 1.137816 -0.562751 
50.765534 0.651111 -0.572942 
50.765534 0.651111 -0.572942 
50.765534 0.651111 -0.572942 
50.765534 0.651111 -0.572942 
50.756965 0.648681 -0.567786 
50.756965 0.648681 -0.567786 
50.762584 0.650323 -0.570381 
50.762584 0.650323 -0.570381 
50.538491 1.138721 -1.539786 
50.538491 1.138721 -1.539786 
50.761804 0.652156 -0.562761 
50.761804 0.652156 -0.562761 
50.767980 0.653663 -0.565283 
50.767980 0.653663 -0.565283 
50.759360 0.649608 -0.570423 
50.759360 0.649608 -0.570423 
50.765534 0.651111 -0.572942 
50.765534 0.651111 -0.572942 
50.765534 0.651111 -0.572942 
50.765534 0.651111 -0.572942 
50.765534 0.651111 -0.572942 
50.765534 0.651111 -0.572942 
50.765534 0.651111 -0.572942 
50.765534 0.651111 -0.572942 
50.765534 0.651111 -0.572942 
50.765534 0.651111 -0.572942 
50.765534 0.651111 -0.572942 
50.765534 0.651111 -0.572942 
50.765534 0.651111 -0.572942 
50.765534 0.651111 -0.572942 
50.765534 0.651111 -0.572942 
50.765534 0.651111 -0.572942 
50.765534 0.651111 -0.572942 
50.765534 0.651111 -0.572942 
-5.237242 -62.028869 -58.944980 
-5.237242 -62.028869 -58.944980 
-5.237242 -62.028869 -58.944980 
-5.237242 -62.028869 -58.944980 
-5.237242 -62.028869 -58.944980 
-5.237242 -62.028869 -58.944980 
50.258597 -0.231412 -0.561338 
50.258597 -0.231412 -0.561338 
50.258597 -0.231412 -0.561338 
50.258597 -0.231412 -0.561338 
50.258597 -0.231412 -0.561338 
50.258597 -0.231412 1.100499 
50.258597 -0.231412 1.100499 
50.765534 0.651111 -0.572942 
50.765534 0.651111 -0.572942 
50.256610 -0.232919 -0.488485 
50.256610 -0.232919 -0.488485 
50.256610 -0.232919 -0.573483 
50.256610 -0.232919 -0.573483 
50.256610 -0.232919 -0.573483 
50.256610 -0.232919 -0.573483 
50.219051 -0.189898 -0.572909 
50.219051 -0.189898 -0.572909 
50.221282 -0.190549 -0.656878 
50.221282 -0.190549 -0.656878 
50.767773 0.650485 -0.656914 
50.760771 0.649209 0.338373 
50.251817 -0.232301 2.090507 
50.251817 -0.232301 2.090507 
50.800204 0.609325 -1.296678 
50.807532 0.610572 -2.296317 
50.765810 0.651038 -0.570340 
50.765810 0.651038 -0.570340 
50.805294 0.611111 -2.296847 
50.805016 0.611173 -1.299880 
50.802778 0.611714 -1.214103 
50.802778 0.611714 -2.213356 
50.219051 -0.189898 -0.655024 
50.219051 -0.189898 -0.655024 
50.765534 0.651110 -0.655061 
50.767980 0.653662 -0.647457 
50.811960 0.612612 -0.562165 
50.796560 0.608882 -0.559705 
50.248698 -0.234599 -0.559680 
50.248698 -0.234599 -0.559680 
50.752687 0.649861 -0.560237 
50.752687 0.649861 -0.560237 
50.791781 0.611888 -0.549198 
50.801740 0.612367 -0.556785 
50.760345 0.650940 -2.293867 
50.760345 0.650940 -2.293867 
50.799808 0.610928 -2.210351 
50.799808 0.610928 -2.210351 
50.251297 -0.230858 -0.472223 