-0.0023324154317378998 0.002348281443119049 0.0004981309175491333
-0.0023324154317378998 0.002348281443119049 0.0004981309175491333
-0.0023324154317378998 0.002348281443119049 0.0004981309175491333
-0.0023324154317378998 0.002348281443119049 0.0004981309175491333
-0.0023498311638832092 0.0023996159434318542 0.0005804151296615601
-0.0023498311638832092 0.0023996159434318542 0.0005804151296615601
-0.0023579485714435577 0.002534836530685425 0.0005581974983215332
-0.0023579485714435577 0.002534836530685425 0.0005581974983215332
-0.0023579485714435577 0.002534836530685425 0.0005581974983215332
-0.0023579485714435577 0.002534836530685425 0.0005581974983215332
-0.0023579485714435577 0.002534836530685425 0.0005581974983215332
-0.0023579485714435577 0.002534836530685425 0.0005581974983215332
-0.0023521780967712402 0.0024794116616249084 0.00046922266483306885
-0.0023521780967712402 0.0024794116616249084 0.00046922266483306885
-0.0023521780967712402 0.0024794116616249084 0.00046922266483306885
-0.0023521780967712402 0.0024794116616249084 0.00046922266483306885
-0.00234990194439888 0.002354077994823456 0.0005113929510116577
-0.00234990194439888 0.002354077994823456 0.0005113929510116577
-0.00234990194439888 0.002354077994823456 0.0005113929510116577
-0.00234990194439888 0.002354077994823456 0.0005113929510116577
-0.0023491010069847107 0.0024508386850357056 0.00047115981578826904
-0.0023491010069847107 0.0024508386850357056 0.00047115981578826904
-0.002421662211418152 0.002397194504737854 0.0005280971527099609
-0.002421662211418152 0.002397194504737854 0.0005280971527099609
-0.002421662211418152 0.002397194504737854 0.0005280971527099609
-0.002421662211418152 0.002397194504737854 0.0005280971527099609
-0.002421662211418152 0.002397194504737854 0.0005280971527099609
-0.002421662211418152 0.002397194504737854 0.0005280971527099609
-0.0023896172642707825 0.0024399906396865845 0.0002815425395965576
-0.0023896172642707825 0.0024399906396865845 0.0002815425395965576
-0.0023486651480197906 0.002469263970851898 0.0004639625549316406
-0.0023486651480197906 0.002469263970851898 0.0004639625549316406
-0.002398241311311722 0.002424001693725586 0.0005441159009933472
-0.002398241311311722 0.002424001693725586 0.0005441159009933472
-0.002398241311311722 0.002424001693725586 0.0005441159009933472
-0.002398241311311722 0.002424001693725586 0.0005441159009933472
-0.0023939162492752075 0.0023971423506736755 0.00038029253482818604
-0.0023939162492752075 0.0023971423506736755 0.00038029253482818604
-0.0023430250585079193 0.0023683086037635803 0.0005605369806289673
-0.0023430250585079193 0.0023683086037635803 0.0005605369806289673
-0.002337198704481125 0.0024222806096076965 0.00045211613178253174
-0.002337198704481125 0.0024222806096076965 0.00045211613178253174
-0.002344280481338501 0.0023955628275871277 0.00046716630458831787
-0.002344280481338501 0.0023955628275871277 0.00046716630458831787
-0.002344280481338501 0.0023955628275871277 0.00046716630458831787
-0.002344280481338501 0.0023955628275871277 0.00046716630458831787
-0.002344280481338501 0.0023955628275871277 0.00046716630458831787
-0.002344280481338501 0.0023955628275871277 0.00046716630458831787
-0.002344280481338501 0.0023955628275871277 0.00046716630458831787
-0.002344280481338501 0.0023955628275871277 0.00046716630458831787
-0.002344280481338501 0.0023955628275871277 0.00046716630458831787
-0.002344280481338501 0.0023955628275871277 0.00046716630458831787
-0.002344280481338501 0.0023955628275871277 0.00046716630458831787
-0.002344280481338501 0.0023955628275871277 0.00046716630458831787
-0.002344280481338501 0.0023955628275871277 0.00046716630458831787
-0.002344280481338501 0.0023955628275871277 0.00046716630458831787
-0.002344280481338501 0.0023955628275871277 0.00046716630458831787
-0.002344280481338501 0.0023955628275871277 0.00046716630458831787
-0.002344280481338501 0.0023955628275871277 0.00046716630458831787
-0.002344280481338501 0.0023955628275871277 0.00046716630458831787
-0.002344280481338501 0.0023955628275871277 0.00046716630458831787
-0.002344280481338501 0.0023955628275871277 0.00046716630458831787
-0.002344280481338501 0.0023955628275871277 0.00046716630458831787
-0.002344280481338501 0.0023955628275871277 0.00046716630458831787
-0.002344280481338501 0.0023955628275871277 0.00046716630458831787
-0.002344280481338501 0.0023955628275871277 0.00046716630458831787
-0.002344280481338501 0.0023955628275871277 0.00046716630458831787
-0.002344280481338501 0.0023955628275871277 0.00046716630458831787
-0.002344280481338501 0.0023955628275871277 0.00046716630458831787
-0.002344280481338501 0.0023955628275871277 0.00046716630458831787
-0.002344280481338501 0.0023955628275871277 0.00046716630458831787
-0.002344280481338501 0.0023955628275871277 0.00046716630458831787
-0.002344280481338501 0.0023955628275871277 0.00046716630458831787
-0.002344280481338501 0.0023955628275871277 0.00046716630458831787
-0.002344280481338501 0.0023955628275871277 0.00046716630458831787
-0.002344280481338501 0.0023955628275871277 0.00046716630458831787
-0.002344280481338501 0.0023955628275871277 0.00046716630458831787
-0.002344280481338501 0.0023955628275871277 0.00046716630458831787
-0.002344280481338501 0.0023955628275871277 0.00046716630458831787
-0.002344280481338501 0.0023955628275871277 0.00046716630458831787
-0.002344280481338501 0.0023955628275871277 0.00046716630458831787
-0.002344280481338501 0.0023955628275871277 0.00046716630458831787
-0.002344280481338501 0.0023955628275871277 0.00046716630458831787
-0.002344280481338501 0.0023955628275871277 0.00046716630458831787
-0.002344280481338501 0.0023955628275871277 0.00046716630458831787
-0.002344280481338501 0.0023955628275871277 0.00046716630458831787
-0.002344280481338501 0.0023955628275871277 0.00046716630458831787
-0.002344280481338501 0.0023955628275871277 0.00046716630458831787
-0.002344280481338501 0.0023955628275871277 0.00046716630458831787
-0.002344280481338501 0.0023955628275871277 0.00046716630458831787
-0.002344280481338501 0.0023955628275871277 0.00046716630458831787
-0.002344280481338501 0.0023955628275871277 0.00046716630458831787
-0.002344280481338501 0.0023955628275871277 0.00046716630458831787
-0.002344280481338501 0.0023955628275871277 0.00046716630458831787
-0.002344280481338501 0.0023955628275871277 0.00046716630458831787
-0.002344280481338501 0.0023955628275871277 0.00046716630458831787
-0.002344280481338501 0.0023955628275871277 0.00046716630458831787
-0.002344280481338501 0.0023955628275871277 0.00046716630458831787
-0.002344280481338501 0.0023955628275871277 0.00046716630458831787
-0.002344280481338501 0.0023955628275871277 0.00046716630458831787
-0.002344280481338501 0.0023955628275871277 0.00046716630458831787
-0.002344280481338501 0.0023955628275871277 0.00046716630458831787
-0.002344280481338501 0.0023955628275871277 0.00046716630458831787
-0.002344280481338501 0.0023955628275871277 0.00046716630458831787
-0.002344280481338501 0.0023955628275871277 0.00046716630458831787
-0.002344280481338501 0.0023955628275871277 0.00046716630458831787
-0.002344280481338501 0.0023955628275871277 0.00046716630458831787
-0.002344280481338501 0.0023955628275871277 0.00046716630458831787
-0.002344280481338501 0.0023955628275871277 0.00046716630458831787
-0.002344280481338501 0.0023955628275871277 0.00046716630458831787
-0.002344280481338501 0.0023955628275871277 0.00046716630458831787
-0.002344280481338501 0.0023955628275871277 0.00046716630458831787
-0.002344280481338501 0.0023955628275871277 0.00046716630458831787
-0.002371273934841156 0.0023822933435440063 0.000462457537651062
-0.002371273934841156 0.0023822933435440063 0.000462457537651062
-0.0023539066314697266 0.0024025216698646545 0.0005151927471160889
-0.0023539066314697266 0.0024025216698646545 0.0005151927471160889
-0.0023774392902851105 0.002477400004863739 0.0005008131265640259
-0.0023774392902851105 0.002477400004863739 0.0005008131265640259
-0.0023774392902851105 0.002477400004863739 0.0005008131265640259
-0.0023774392902851105 0.002477400004863739 0.0005008131265640259
-0.0023447535932064056 0.0024864301085472107 0.0004540383815765381
-0.0023447535932064056 0.0024864301085472107 0.0004540383815765381
-0.002361249178647995 0.0024339184165000916 0.0004850327968597412
-0.002361249178647995 0.0024339184165000916 0.0004850327968597412
-0.0023488849401474 0.0024560317397117615 0.0005356818437576294
-0.0023488849401474 0.0024560317397117615 0.0005356818437576294
-0.0023488849401474 0.0024560317397117615 0.0005356818437576294
-0.0023488849401474 0.0024560317397117615 0.0005356818437576294
-0.002356491982936859 0.002477020025253296 0.0004875659942626953
-0.002356491982936859 0.002477020025253296 0.0004875659942626953
-0.002356491982936859 0.002477020025253296 0.0004875659942626953
-0.002356491982936859 0.002477020025253296 0.0004875659942626953
-0.0023596622049808502 0.0024489834904670715 0.0005005151033401489
-0.0023596622049808502 0.0024489834904670715 0.0005005151033401489
-0.002359595149755478 0.0024161189794540405 0.0005501657724380493
-0.002359595149755478 0.0024161189794540405 0.0005501657724380493
-0.0023660995066165924 0.0024473294615745544 0.0004883855581283569
-0.0023660995066165924 0.0024473294615745544 0.0004883855581283569
-0.0023660995066165924 0.0024473294615745544 0.0004883855581283569
-0.0023660995066165924 0.0024473294615745544 0.0004883855581283569
-0.002348951995372772 0.0024859830737113953 0.0004165917634963989
-0.002348951995372772 0.0024859830737113953 0.0004165917634963989
-0.002348951995372772 0.0024859830737113953 0.0004165917634963989
-0.002348951995372772 0.0024859830737113953 0.0004165917634963989
-0.002350490540266037 0.0024525076150894165 0.0005196630954742432
-0.002350490540266037 0.0024525076150894165 0.0005196630954742432
-0.0023492537438869476 0.0024709850549697876 0.00045880675315856934
-0.0023492537438869476 0.0024709850549697876 0.00045880675315856934
-0.0023492537438869476 0.0024709850549697876 0.00045880675315856934
-0.0023492537438869476 0.0024709850549697876 0.00045880675315856934
-0.0023492537438869476 0.0024709850549697876 0.00045880675315856934
-0.0023492537438869476 0.0024709850549697876 0.00045880675315856934
-0.0023492537438869476 0.0024709850549697876 0.00045880675315856934
-0.0023492537438869476 0.0024709850549697876 0.00045880675315856934
-0.0023345835506916046 0.0025232359766960144 0.00038020312786102295
-0.0023345835506916046 0.0025232359766960144 0.00038020312786102295
-0.0023932382464408875 0.002370484173297882 0.0004740208387374878
-0.0023932382464408875 0.002370484173297882 0.0004740208387374878
-0.002351384609937668 0.002408839762210846 0.000566631555557251
-0.002351384609937668 0.002408839762210846 0.000566631555557251
-0.002351384609937668 0.002408839762210846 0.000566631555557251
-0.002351384609937668 0.002408839762210846 0.000566631555557251
-0.0024129636585712433 0.002333313226699829 0.0005342364311218262
-0.0024129636585712433 0.002333313226699829 0.0005342364311218262
-0.0024129636585712433 0.002333313226699829 0.0005342364311218262
-0.0024129636585712433 0.002333313226699829 0.0005342364311218262
-0.0024129636585712433 0.002333313226699829 0.0005342364311218262
-0.0024129636585712433 0.002333313226699829 0.0005342364311218262
-0.0024129636585712433 0.002333313226699829 0.0005342364311218262
-0.0024129636585712433 0.002333313226699829 0.0005342364311218262
-0.0023638159036636353 0.0024383440613746643 0.000361025333404541
-0.0023638159036636353 0.0024383440613746643 0.000361025333404541
-0.0023638159036636353 0.0024383440613746643 0.000361025333404541
-0.0023638159036636353 0.0024383440613746643 0.000361025333404541
-0.0023638159036636353 0.0024383440613746643 0.000361025333404541
-0.0023638159036636353 0.0024383440613746643 0.000361025333404541
-0.0023638159036636353 0.0024383440613746643 0.000361025333404541
-0.0023638159036636353 0.0024383440613746643 0.000361025333404541
-0.002342522144317627 0.002452373504638672 0.0005143284797668457
-0.002342522144317627 0.002452373504638672 0.0005143284797668457
-0.002342522144317627 0.002452373504638672 0.0005143284797668457
-0.002342522144317627 0.002452373504638672 0.0005143284797668457
-0.002393677830696106 0.0023827925324440002 0.00036084651947021484
-0.002393677830696106 0.0023827925324440002 0.00036084651947021484
-0.002393677830696106 0.0023827925324440002 0.00036084651947021484
-0.002393677830696106 0.0023827925324440002 0.00036084651947021484
-0.002393677830696106 0.0023827925324440002 0.00036084651947021484
-0.002393677830696106 0.0023827925324440002 0.00036084651947021484
-0.002312134951353073 0.002462141215801239 0.0003961622714996338
-0.002312134951353073 0.002462141215801239 0.0003961622714996338
-0.0023983046412467957 0.0024424493312835693 0.0004623830318450928
-0.0023983046412467957 0.0024424493312835693 0.0004623830318450928
-0.0023714564740657806 0.0024793893098831177 0.0004943311214447021
-0.0023714564740657806 0.0024793893098831177 0.0004943311214447021
-0.002328071743249893 0.002473868429660797 0.0005576759576797485
-0.002328071743249893 0.002473868429660797 0.0005576759576797485
-0.0023256614804267883 0.0025146976113319397 0.00045199692249298096
-0.0023256614804267883 0.0025146976113319397 0.00045199692249298096
-0.0023771263659000397 0.0024772286415100098 0.0004898160696029663
-0.0023771263659000397 0.0024772286415100098 0.0004898160696029663
-0.0023771263659000397 0.0024772286415100098 0.0004898160696029663
-0.0023771263659000397 0.0024772286415100098 0.0004898160696029663
-0.0024019144475460052 0.0023825839161872864 0.0004609227180480957
-0.0024019144475460052 0.0023825839161872864 0.0004609227180480957
-0.0023665092885494232 0.002350524067878723 0.0004859417676925659
-0.0023665092885494232 0.002350524067878723 0.0004859417676925659
-0.0023665092885494232 0.002350524067878723 0.0004859417676925659
-0.0023665092885494232 0.002350524067878723 0.0004859417676925659
-0.0023513063788414 0.002344585955142975 0.0004634261131286621
-0.0023513063788414 0.002344585955142975 0.0004634261131286621
-0.0023513063788414 0.002344585955142975 0.0004634261131286621
-0.0023513063788414 0.002344585955142975 0.0004634261131286621
-0.0023421533405780792 0.0025364235043525696 0.0005027204751968384
-0.0023421533405780792 0.0025364235043525696 0.0005027204751968384
-0.0023421533405780792 0.0025364235043525696 0.0005027204751968384
-0.0023421533405780792 0.0025364235043525696 0.0005027204751968384
-0.0023969560861587524 0.0024401843547821045 0.00038094818592071533
-0.0023969560861587524 0.0024401843547821045 0.00038094818592071533
-0.0023969560861587524 0.0024401843547821045 0.00038094818592071533
-0.0023969560861587524 0.0024401843547821045 0.00038094818592071533
-0.0023501627147197723 0.0023173168301582336 0.0004948675632476807
-0.0023501627147197723 0.0023173168301582336 0.0004948675632476807
-0.002308052033185959 0.002425074577331543 0.0005867481231689453
-0.002308052033185959 0.002425074577331543 0.0005867481231689453
-0.0023549944162368774 0.002415180206298828 0.00041197240352630615
-0.0023549944162368774 0.002415180206298828 0.00041197240352630615
-0.002363596111536026 0.002482578158378601 0.0005989372730255127
-0.002363596111536026 0.002482578158378601 0.0005989372730255127
-0.002363596111536026 0.002482578158378601 0.0005989372730255127
-0.0023736469447612762 0.002376571297645569 0.000462457537651062
-0.0023736469447612762 0.002376571297645569 0.000462457537651062
-0.002366911619901657 0.002421364188194275 0.00038883090019226074
-0.002366911619901657 0.002421364188194275 0.00038883090019226074
-0.0024166926741600037 0.002317585051059723 0.0005171149969100952
-0.0024166926741600037 0.002317585051059723 0.0005171149969100952
-0.0024166926741600037 0.002317585051059723 0.0005171149969100952
-0.0024166926741600037 0.002317585051059723 0.0005171149969100952
-0.0023386329412460327 0.00252377986907959 0.0005727410316467285
-0.0023386329412460327 0.00252377986907959 0.0005727410316467285
-0.0023386329412460327 0.00252377986907959 0.0005727410316467285
-0.0023386329412460327 0.00252377986907959 0.0005727410316467285
-0.0023386329412460327 0.00252377986907959 0.0005727410316467285
-0.0023386329412460327 0.00252377986907959 0.0005727410316467285
-0.0023386329412460327 0.00252377986907959 0.0005727410316467285
-0.0023386329412460327 0.00252377986907959 0.0005727410316467285
-0.0023911483585834503 0.002440333366394043 0.0005043894052505493
-0.0023911483585834503 0.002440333366394043 0.0005043894052505493
-0.002349894493818283 0.00241263210773468 0.0005276799201965332
-0.002349894493818283 0.00241263210773468 0.0005276799201965332
-0.002351135015487671 0.0025003254413604736 0.0005326718091964722
-0.0023555010557174683 0.0024425387382507324 0.0005705356597900391
-0.0023639313876628876 0.0024680569767951965 0.0003598034381866455
-0.0023639313876628876 0.0024680569767951965 0.0003598034381866455
-0.0023639313876628876 0.0024680569767951965 0.0003598034381866455
-0.0023639313876628876 0.0024680569767951965 0.0003598034381866455
-0.0023639313876628876 0.0024680569767951965 0.0003598034381866455
-0.0023806802928447723 0.0024164095520973206 0.0005522221326828003
-0.0023806802928447723 0.0024164095520973206 0.0005522221326828003
-0.0023806802928447723 0.0024164095520973206 0.0005522221326828003
-0.0023838095366954803 0.0024383291602134705 0.0004185140132904053
-0.0023838095366954803 0.0024383291602134705 0.0004185140132904053
-0.0023838095366954803 0.0024383291602134705 0.0004185140132904053
-0.0023838095366954803 0.0024383291602134705 0.0004185140132904053
-0.002402879297733307 0.0025477558374404907 0.00035859644412994385
-0.002402879297733307 0.0025477558374404907 0.00035859644412994385
-0.0024045147001743317 0.002489157021045685 0.00044929981231689453
-0.0024045147001743317 0.002489157021045685 0.00044929981231689453
-0.002317391335964203 0.002472199499607086 0.0005943924188613892
-0.002317391335964203 0.002472199499607086 0.0005943924188613892
-0.0023444294929504395 0.0024315044283866882 0.0006112903356552124
-0.0023689642548561096 0.002362877130508423 0.000490143895149231
-0.002382732927799225 0.002436794340610504 0.0005145221948623657
-0.0023882202804088593 0.0025160014629364014 0.0003650486469268799
-0.0023134760558605194 0.0025258883833885193 0.0005104988813400269
-0.0023134760558605194 0.0025258883833885193 0.0005104988813400269
-0.0023134760558605194 0.0025258883833885193 0.0005104988813400269
-0.0023134760558605194 0.0025258883833885193 0.0005104988813400269
-0.002344466745853424 0.0024497583508491516 0.0004682093858718872
-0.0023667439818382263 0.0025390759110450745 0.0005377978086471558
-0.0023667439818382263 0.0025390759110450745 0.0005377978086471558
-0.0023667439818382263 0.0025390759110450745 0.0005377978086471558
-0.0023560263216495514 0.002319827675819397 0.00047394633293151855
-0.0023500174283981323 0.0023740828037261963 0.0005772411823272705
-0.0023442991077899933 0.002393171191215515 0.0003940761089324951
-0.0023442991077899933 0.002393171191215515 0.0003940761089324951
-0.002357080578804016 0.0025386810302734375 0.0005304217338562012
-0.002357080578804016 0.0025386810302734375 0.0005304217338562012
-0.002357080578804016 0.0025386810302734375 0.0005304217338562012
-0.002357080578804016 0.0025386810302734375 0.0005304217338562012
-0.002357080578804016 0.0025386810302734375 0.0005304217338562012
-0.002357080578804016 0.0025386810302734375 0.0005304217338562012
-0.002357080578804016 0.0025386810302734375 0.0005304217338562012
-0.002357080578804016 0.0025386810302734375 0.0005304217338562012
-0.002357080578804016 0.0025386810302734375 0.0005304217338562012
-0.002357080578804016 0.0025386810302734375 0.0005304217338562012
-0.002357080578804016 0.0025386810302734375 0.0005304217338562012
-0.002357080578804016 0.0025386810302734375 0.0005304217338562012
-0.002357080578804016 0.0025386810302734375 0.0005304217338562012
-0.002357080578804016 0.0025386810302734375 0.0005304217338562012
-0.002357080578804016 0.0025386810302734375 0.0005304217338562012
-0.002357080578804016 0.0025386810302734375 0.0005304217338562012
-0.002357080578804016 0.0025386810302734375 0.0005304217338562012
-0.002357080578804016 0.0025386810302734375 0.0005304217338562012
-0.002357080578804016 0.0025386810302734375 0.0005304217338562012
-0.002357080578804016 0.0025386810302734375 0.0005304217338562012
-0.002357080578804016 0.0025386810302734375 0.0005304217338562012
-0.002357080578804016 0.0025386810302734375 0.0005304217338562012
-0.002357080578804016 0.0025386810302734375 0.0005304217338562012
-0.002357080578804016 0.0025386810302734375 0.0005304217338562012
-0.002357080578804016 0.0025386810302734375 0.0005304217338562012
-0.002357080578804016 0.0025386810302734375 0.0005304217338562012
-0.00242454931139946 0.0025361403822898865 0.0005601346492767334
-0.00242454931139946 0.0025361403822898865 0.0005601346492767334
-0.002434559166431427 0.0024783164262771606 0.0005058646202087402
-0.002434559166431427 0.0024783164262771606 0.0005058646202087402
-0.0025286078453063965 0.00233595073223114 0.00022605061531066895
-0.0025286078453063965 0.00233595073223114 0.00022605061531066895
-0.0025505609810352325 0.002157732844352722 -6.727874279022217e-05
-0.0025505609810352325 0.002157732844352722 -6.727874279022217e-05
-0.0025505609810352325 0.002157732844352722 -6.727874279022217e-05
-0.0025505609810352325 0.002157732844352722 -6.727874279022217e-05
-0.0025505609810352325 0.002157732844352722 -6.727874279022217e-05
-0.0025505609810352325 0.002157732844352722 -6.727874279022217e-05
-0.002363048493862152 0.0021016597747802734 9.24915075302124e-05
-0.002363048493862152 0.0021016597747802734 9.24915075302124e-05
-0.0023186877369880676 0.002082742750644684 3.997981548309326e-05
-0.002099122852087021 0.002471238374710083 0.0007047504186630249
-0.002099122852087021 0.002471238374710083 0.0007047504186630249
-0.0020314231514930725 0.0028300732374191284 0.0011155158281326294
-0.0020314231514930725 0.0028300732374191284 0.0011155158281326294
-0.0020314231514930725 0.0028300732374191284 0.0011155158281326294
-0.0020314231514930725 0.0028300732374191284 0.0011155158281326294
-0.0021871738135814667 0.002717912197113037 0.001168757677078247
-0.0021871738135814667 0.002717912197113037 0.001168757677078247
-0.0022634975612163544 0.0031583234667778015 0.0016156286001205444
-0.0022634975612163544 0.0031583234667778015 0.0016156286001205444
-0.002604082226753235 0.002329804003238678 0.0004234015941619873
-0.0025882311165332794 0.0022500082850456238 3.807246685028076e-05
-0.0025882311165332794 0.0022500082850456238 3.807246685028076e-05
-0.0025262199342250824 0.0021804198622703552 4.895031452178955e-05
-0.0025262199342250824 0.0021804198622703552 4.895031452178955e-05
-0.002341669052839279 0.0020875707268714905 0.00010898709297180176
-0.002341669052839279 0.0020875707268714905 0.00010898709297180176
-0.0022441036999225616 0.002237856388092041 0.00019599497318267822
-0.0022441036999225616 0.002237856388092041 0.00019599497318267822
-0.0022441036999225616 0.002237856388092041 0.00019599497318267822
-0.0022441036999225616 0.002237856388092041 0.00019599497318267822
-0.002252355217933655 0.002734936773777008 0.000965312123298645
-0.002252355217933655 0.002734936773777008 0.000965312123298645
-0.0022634752094745636 0.002831190824508667 0.0011741816997528076
-0.0022634752094745636 0.002831190824508667 0.0011741816997528076
-0.0022634752094745636 0.002831190824508667 0.0011741816997528076
-0.0025291144847869873 0.0022541657090187073 0.00033926963806152344
-0.0025291144847869873 0.0022541657090187073 0.00033926963806152344
-0.002479732036590576 0.0021045804023742676 0.00011251866817474365
-0.002479732036590576 0.0021045804023742676 0.00011251866817474365
-0.0023707523941993713 0.0021547600626945496 0.00010266900062561035
-0.0023707523941993713 0.0021547600626945496 0.00010266900062561035
-0.0023707523941993713 0.0021547600626945496 0.00010266900062561035
-0.0023707523941993713 0.0021547600626945496 0.00010266900062561035
-0.0023707523941993713 0.0021547600626945496 0.00010266900062561035
-0.00213637575507164 0.002647191286087036 0.0008404701948165894
-0.0021994784474372864 0.0028681308031082153 0.0009891241788864136
-0.0021994784474372864 0.0028681308031082153 0.0009891241788864136
-0.0021994784474372864 0.0028681308031082153 0.0009891241788864136
-0.0021994784474372864 0.0028681308031082153 0.0009891241788864136
-0.002461545169353485 0.0027889907360076904 0.0008849054574966431
-0.002461545169353485 0.0027889907360076904 0.0008849054574966431
-0.002461545169353485 0.0027889907360076904 0.0008849054574966431
-0.002358756959438324 0.0019996464252471924 -8.237361907958984e-05
-0.002358756959438324 0.0019996464252471924 -8.237361907958984e-05
-0.0022815316915512085 0.002313166856765747 0.0005176514387130737
-0.0022815316915512085 0.002313166856765747 0.0005176514387130737
-0.0022815316915512085 0.002313166856765747 0.0005176514387130737
-0.0022815316915512085 0.002313166856765747 0.0005176514387130737
-0.0022815316915512085 0.002313166856765747 0.0005176514387130737
-0.0022815316915512085 0.002313166856765747 0.0005176514387130737
-0.0025101713836193085 0.002707086503505707 0.0006846189498901367
-0.0025101713836193085 0.002707086503505707 0.0006846189498901367
-0.0024317875504493713 0.0028403475880622864 0.0008918941020965576
-0.0024317875504493713 0.0028403475880622864 0.0008918941020965576
-0.0025311820209026337 0.002561017870903015 0.0005082786083221436
-0.0025311820209026337 0.002561017870903015 0.0005082786083221436
-0.0024000070989131927 0.002677738666534424 0.0007499903440475464
-0.0024000070989131927 0.002677738666534424 0.0007499903440475464
-0.0023434869945049286 0.0026630759239196777 0.0008099228143692017
-0.0023558326065540314 0.0023417025804519653 0.0004089623689651489
-0.0023558326065540314 0.0023417025804519653 0.0004089623689651489
-0.0023315027356147766 0.0021553710103034973 0.00010474026203155518
-0.0023315027356147766 0.0021553710103034973 0.00010474026203155518
-0.0022837668657302856 0.0021706297993659973 2.925097942352295e-05
-0.0022837668657302856 0.0021706297993659973 2.925097942352295e-05
-0.00238080695271492 0.0022166594862937927 4.4792890548706055e-05
-0.00238080695271492 0.0022166594862937927 4.4792890548706055e-05
-0.002413187175989151 0.002201668918132782 0.0001096874475479126
-0.002413187175989151 0.002201668918132782 0.0001096874475479126
-0.0024426765739917755 0.00238741934299469 0.00040696561336517334
-0.0024426765739917755 0.00238741934299469 0.00040696561336517334
-0.0024426765739917755 0.00238741934299469 0.00040696561336517334
-0.0024426765739917755 0.00238741934299469 0.00040696561336517334
-0.0024426765739917755 0.00238741934299469 0.00040696561336517334
-0.0024426765739917755 0.00238741934299469 0.00040696561336517334
-0.0023865550756454468 0.0027125924825668335 0.0007949173450469971
-0.0023865550756454468 0.0027125924825668335 0.0007949173450469971
-0.002258066087961197 0.0027138739824295044 0.0008650124073028564
-0.002258066087961197 0.0027138739824295044 0.0008650124073028564
-0.002258066087961197 0.0027138739824295044 0.0008650124073028564
-0.002258066087961197 0.0027138739824295044 0.0008650124073028564
-0.002376638352870941 0.00216471403837204 0.0003648698329925537
-0.002376638352870941 0.00216471403837204 0.0003648698329925537
-0.002378612756729126 0.002218373119831085 0.00018765032291412354
-0.002378612756729126 0.002218373119831085 0.00018765032291412354
-0.0024417489767074585 0.0022190436720848083 8.215010166168213e-05
-0.0024417489767074585 0.0022190436720848083 8.215010166168213e-05
-0.0023950673639774323 0.0022514313459396362 0.00015886127948760986
-0.0023950673639774323 0.0022514313459396362 0.00015886127948760986
-0.002405509352684021 0.0023881271481513977 0.0004335939884185791
-0.002405509352684021 0.0023881271481513977 0.0004335939884185791
-0.0023581422865390778 0.0025319531559944153 0.0005200207233428955
-0.0023881420493125916 0.0026585012674331665 0.0006426870822906494
-0.0023881420493125916 0.0026585012674331665 0.0006426870822906494
-0.002359215170145035 0.0026936978101730347 0.0008972287178039551
-0.002359215170145035 0.0026936978101730347 0.0008972287178039551
-0.002354111522436142 0.002626679837703705 0.0007654279470443726
-0.002354111522436142 0.002626679837703705 0.0007654279470443726
-0.002354111522436142 0.002626679837703705 0.0007654279470443726
-0.002458140254020691 0.002306334674358368 9.690225124359131e-05
-0.002458140254020691 0.002306334674358368 9.690225124359131e-05
-0.002408098429441452 0.0023621395230293274 0.00016911327838897705
-0.002408098429441452 0.0023621395230293274 0.00016911327838897705
-0.002408098429441452 0.0023621395230293274 0.00016911327838897705
-0.002408098429441452 0.0023621395230293274 0.00016911327838897705
-0.002321779727935791 0.0025810524821281433 0.0007802248001098633
-0.002321779727935791 0.0025810524821281433 0.0007802248001098633
-0.002291053533554077 0.002691797912120819 0.0007912218570709229
-0.002291053533554077 0.002691797912120819 0.0007912218570709229
-0.00233624130487442 0.0026652365922927856 0.0008509904146194458
-0.00233624130487442 0.0026652365922927856 0.0008509904146194458
-0.0023488812148571014 0.00261736661195755 0.000828668475151062
-0.0023488812148571014 0.00261736661195755 0.000828668475151062
-0.0023488812148571014 0.00261736661195755 0.000828668475151062
-0.0023488812148571014 0.00261736661195755 0.000828668475151062
-0.002441994845867157 0.00236714631319046 0.0002470463514328003
-0.002441994845867157 0.00236714631319046 0.0002470463514328003
-0.0024623945355415344 0.0023374557495117188 0.00019009411334991455
-0.0024623945355415344 0.0023374557495117188 0.00019009411334991455
-0.0024138987064361572 0.0023076683282852173 6.575882434844971e-05
-0.0024138987064361572 0.0023076683282852173 6.575882434844971e-05
-0.002377532422542572 0.002309344708919525 0.0002065598964691162
-0.002377532422542572 0.002309344708919525 0.0002065598964691162
-0.0023811087012290955 0.0024169236421585083 0.0003548860549926758
-0.0023811087012290955 0.0024169236421585083 0.0003548860549926758
-0.0023811087012290955 0.0024169236421585083 0.0003548860549926758
-0.0023811087012290955 0.0024169236421585083 0.0003548860549926758
-0.0023811087012290955 0.0024169236421585083 0.0003548860549926758
-0.0023811087012290955 0.0024169236421585083 0.0003548860549926758
-0.0023012682795524597 0.002619802951812744 0.0008447468280792236
-0.0023012682795524597 0.002619802951812744 0.0008447468280792236
-0.0023155100643634796 0.0026102662086486816 0.0008480250835418701
-0.0023155100643634796 0.0026102662086486816 0.0008480250835418701
-0.002398468554019928 0.0025354772806167603 0.0007205158472061157
-0.002398468554019928 0.0025354772806167603 0.0007205158472061157
-0.0024257488548755646 0.002504803240299225 0.0005542784929275513
-0.0024257488548755646 0.002504803240299225 0.0005542784929275513
-0.002475231885910034 0.002373829483985901 0.00039714574813842773
-0.002475231885910034 0.002373829483985901 0.00039714574813842773
-0.002441827207803726 0.0023453086614608765 0.00023791193962097168
-0.002441827207803726 0.0023453086614608765 0.00023791193962097168
-0.0023961178958415985 0.0023435652256011963 0.0001259446144104004
-0.0023961178958415985 0.0023435652256011963 0.0001259446144104004
-0.002369452267885208 0.0023215264081954956 0.00022658705711364746
-0.002369452267885208 0.0023215264081954956 0.00022658705711364746
-0.002369452267885208 0.0023215264081954956 0.00022658705711364746
-0.002369452267885208 0.0023215264081954956 0.00022658705711364746
-0.002230018377304077 0.0027450546622276306 0.0008300244808197021
-0.002230018377304077 0.0027450546622276306 0.0008300244808197021
-0.002230018377304077 0.0027450546622276306 0.0008300244808197021
-0.002230018377304077 0.0027450546622276306 0.0008300244808197021
-0.0022765696048736572 0.0039694830775260925 0.0010408610105514526
-0.0022765696048736572 0.0039694830775260925 0.0010408610105514526
-0.0029015839099884033 0.004537105560302734 0.0010432004928588867
-0.0029015839099884033 0.004537105560302734 0.0010432004928588867
-0.0031579285860061646 0.004682466387748718 0.0007991939783096313
-0.0031579285860061646 0.004682466387748718 0.0007991939783096313
-0.0030253008008003235 0.0047559067606925964 0.0005031973123550415
-0.0030253008008003235 0.0047559067606925964 0.0005031973123550415
-0.0030253008008003235 0.0047559067606925964 0.0005031973123550415
-0.0030253008008003235 0.0047559067606925964 0.0005031973123550415
-0.002813570201396942 0.004756942391395569 0.00032936036586761475
-0.0027658194303512573 0.0046987384557724 0.00013193488121032715
-0.0027658194303512573 0.0046987384557724 0.00013193488121032715
-0.0026839375495910645 0.004704967141151428 0.0006162077188491821
-0.0026839375495910645 0.004704967141151428 0.0006162077188491821
-0.0027161426842212677 0.0047383904457092285 0.0008178055286407471
-0.0027161426842212677 0.0047383904457092285 0.0008178055286407471
-0.002867788076400757 0.0046182721853256226 0.0009434223175048828
-0.002867788076400757 0.0046182721853256226 0.0009434223175048828
-0.0029260367155075073 0.004274345934391022 0.0010816454887390137
-0.0029260367155075073 0.004274345934391022 0.0010816454887390137
-0.0028634704649448395 0.003535553812980652 0.0007557868957519531
-0.0028634704649448395 0.003535553812980652 0.0007557868957519531
-0.0027064159512519836 0.002648293972015381 0.0006575137376785278
-0.0027064159512519836 0.002648293972015381 0.0006575137376785278
-0.0023884959518909454 0.001663804054260254 0.000533372163772583
-0.001820974051952362 0.0008675679564476013 0.000567018985748291
-0.001820974051952362 0.0008675679564476013 0.000567018985748291
-0.0011744722723960876 0.0007755234837532043 0.002167835831642151
-0.0010334178805351257 0.001496918499469757 0.0037068724632263184
-0.0010334178805351257 0.001496918499469757 0.0037068724632263184
-0.0010334178805351257 0.001496918499469757 0.0037068724632263184
-0.0010334178805351257 0.001496918499469757 0.0037068724632263184
-0.0010334178805351257 0.001496918499469757 0.0037068724632263184
-0.0010334178805351257 0.001496918499469757 0.0037068724632263184
-0.0014171935617923737 0.005712665617465973 0.009395286440849304
-0.001566469669342041 0.006255008280277252 0.010543420910835266
-0.001566469669342041 0.006255008280277252 0.010543420910835266
-0.001566469669342041 0.006255008280277252 0.010543420910835266
-0.0017615742981433868 0.006456799805164337 0.01449345052242279
-0.0017615742981433868 0.006456799805164337 0.01449345052242279
-0.001628238707780838 0.006814993917942047 0.01824946701526642
-0.0012738369405269623 0.00859089195728302 0.027246132493019104
-0.0012738369405269623 0.00859089195728302 0.027246132493019104
-0.0013174749910831451 0.009722866117954254 0.032589077949523926
-0.0013174749910831451 0.009722866117954254 0.032589077949523926
-0.0013174749910831451 0.009722866117954254 0.032589077949523926
-0.0013174749910831451 0.009722866117954254 0.032589077949523926
-0.0013174749910831451 0.009722866117954254 0.032589077949523926
-0.0013174749910831451 0.009722866117954254 0.032589077949523926
-0.002277236431837082 0.014251507818698883 0.05204012989997864
-0.002277236431837082 0.014251507818698883 0.05204012989997864
-0.002922855317592621 0.015755318105220795 0.06017877161502838
-0.002922855317592621 0.015755318105220795 0.06017877161502838
-0.0035462379455566406 0.01753372699022293 0.06877729296684265
-0.0035462379455566406 0.01753372699022293 0.06877729296684265
-0.004301521927118301 0.019416287541389465 0.07783380150794983
-0.004301521927118301 0.019416287541389465 0.07783380150794983
-0.0051374733448028564 0.02119293063879013 0.08754569292068481
-0.0051374733448028564 0.02119293063879013 0.08754569292068481
-0.006131112575531006 0.022997774183750153 0.09770675003528595
-0.006131112575531006 0.022997774183750153 0.09770675003528595
-0.007185887545347214 0.024794355034828186 0.10886414349079132
-0.007185887545347214 0.024794355034828186 0.10886414349079132
-0.00818265974521637 0.026822015643119812 0.11975869536399841
-0.00818265974521637 0.026822015643119812 0.11975869536399841
-0.009176060557365417 0.029188215732574463 0.13092206418514252
-0.010142363607883453 0.03170434385538101 0.14192436635494232
-0.010142363607883453 0.03170434385538101 0.14192436635494232
-0.010142363607883453 0.03170434385538101 0.14192436635494232
-0.010142363607883453 0.03170434385538101 0.14192436635494232
-0.010142363607883453 0.03170434385538101 0.14192436635494232
-0.010142363607883453 0.03170434385538101 0.14192436635494232
-0.010142363607883453 0.03170434385538101 0.14192436635494232
-0.010142363607883453 0.03170434385538101 0.14192436635494232
-0.010142363607883453 0.03170434385538101 0.14192436635494232
-0.010142363607883453 0.03170434385538101 0.14192436635494232
-0.010142363607883453 0.03170434385538101 0.14192436635494232
-0.010142363607883453 0.03170434385538101 0.14192436635494232
-0.010142363607883453 0.03170434385538101 0.14192436635494232
-0.010142363607883453 0.03170434385538101 0.14192436635494232
-0.010142363607883453 0.03170434385538101 0.14192436635494232
-0.010142363607883453 0.03170434385538101 0.14192436635494232
-0.010142363607883453 0.03170434385538101 0.14192436635494232
-0.010142363607883453 0.03170434385538101 0.14192436635494232
-0.010142363607883453 0.03170434385538101 0.14192436635494232
-0.010142363607883453 0.03170434385538101 0.14192436635494232
-0.010142363607883453 0.03170434385538101 0.14192436635494232
-0.010142363607883453 0.03170434385538101 0.14192436635494232
-0.010142363607883453 0.03170434385538101 0.14192436635494232
-0.010142363607883453 0.03170434385538101 0.14192436635494232
-0.02305745705962181 0.059019677340984344 0.28846466541290283
-0.02483198046684265 0.06045950949192047 0.30084478855133057
-0.02796923741698265 0.06412156671285629 0.3242301344871521
-0.029152140021324158 0.06609399616718292 0.33632490038871765
-0.029152140021324158 0.06609399616718292 0.33632490038871765
-0.029934510588645935 0.06801839172840118 0.34930726885795593
-0.029934510588645935 0.06801839172840118 0.34930726885795593
-0.030354540795087814 0.06995691359043121 0.3634629249572754
-0.030354540795087814 0.06995691359043121 0.3634629249572754
-0.030712373554706573 0.0716349184513092 0.3782210946083069
-0.030712373554706573 0.0716349184513092 0.3782210946083069
-0.031200826168060303 0.073101706802845 0.39318397641181946
-0.031200826168060303 0.073101706802845 0.39318397641181946
-0.03195124492049217 0.07424798607826233 0.40796637535095215
-0.03195124492049217 0.07424798607826233 0.40796637535095215
-0.03294891119003296 0.07517071068286896 0.4228012263774872
-0.03294891119003296 0.07517071068286896 0.4228012263774872
-0.034139640629291534 0.07578839361667633 0.4379270076751709
-0.034139640629291534 0.07578839361667633 0.4379270076751709
-0.03540048003196716 0.07615494728088379 0.4532167911529541
-0.03540048003196716 0.07615494728088379 0.4532167911529541
-0.03670826554298401 0.07656847685575485 0.4691884517669678
-0.03670826554298401 0.07656847685575485 0.4691884517669678
-0.038101665675640106 0.07692201435565948 0.4852650761604309
-0.039303988218307495 0.0778617262840271 0.5018396377563477
-0.039303988218307495 0.0778617262840271 0.5018396377563477
-0.04038839787244797 0.07887905836105347 0.5185580849647522
-0.04038839787244797 0.07887905836105347 0.5185580849647522
-0.04126761853694916 0.0800187885761261 0.535734236240387
-0.04126761853694916 0.0800187885761261 0.535734236240387
-0.04187233746051788 0.08125536143779755 0.5531466007232666
-0.04187233746051788 0.08125536143779755 0.5531466007232666
-0.04187233746051788 0.08125536143779755 0.5531466007232666
-0.04187233746051788 0.08125536143779755 0.5531466007232666
-0.04187233746051788 0.08125536143779755 0.5531466007232666
-0.04187233746051788 0.08125536143779755 0.5531466007232666
-0.04187233746051788 0.08125536143779755 0.5531466007232666
-0.04187233746051788 0.08125536143779755 0.5531466007232666
-0.04187233746051788 0.08125536143779755 0.5531466007232666
-0.04187233746051788 0.08125536143779755 0.5531466007232666
-0.04187233746051788 0.08125536143779755 0.5531466007232666
-0.04187233746051788 0.08125536143779755 0.5531466007232666
-0.04187233746051788 0.08125536143779755 0.5531466007232666
-0.04187233746051788 0.08125536143779755 0.5531466007232666
-0.04187233746051788 0.08125536143779755 0.5531466007232666
-0.04187233746051788 0.08125536143779755 0.5531466007232666
-0.04187233746051788 0.08125536143779755 0.5531466007232666
-0.04187233746051788 0.08125536143779755 0.5531466007232666
-0.04187233746051788 0.08125536143779755 0.5531466007232666
-0.04187233746051788 0.08125536143779755 0.5531466007232666
-0.04187233746051788 0.08125536143779755 0.5531466007232666
-0.04187233746051788 0.08125536143779755 0.5531466007232666
-0.04187233746051788 0.08125536143779755 0.5531466007232666
-0.04187233746051788 0.08125536143779755 0.5531466007232666
-0.04187233746051788 0.08125536143779755 0.5531466007232666
-0.04187233746051788 0.08125536143779755 0.5531466007232666
-0.04187233746051788 0.08125536143779755 0.5531466007232666
-0.04187233746051788 0.08125536143779755 0.5531466007232666
-0.045787207782268524 0.0735659971833229 0.8381897211074829
-0.045787207782268524 0.0735659971833229 0.8381897211074829
-0.04562930762767792 0.07204615324735641 0.8533133268356323
-0.04519311711192131 0.07022440433502197 0.868645191192627
-0.04458042234182358 0.06812520325183868 0.8839597702026367
-0.04458042234182358 0.06812520325183868 0.8839597702026367
-0.04458042234182358 0.06812520325183868 0.8839597702026367
-0.043891098350286484 0.0633028894662857 0.9126244783401489
-0.04379747435450554 0.060914017260074615 0.9256949424743652
-0.04379747435450554 0.060914017260074615 0.9256949424743652
-0.04379747435450554 0.060914017260074615 0.9256949424743652
-0.04310234263539314 0.056636177003383636 0.9495241641998291
-0.04310234263539314 0.056636177003383636 0.9495241641998291
-0.04252876341342926 0.054517731070518494 0.9607836604118347
-0.04185672476887703 0.05233655124902725 0.9715198874473572
-0.04185672476887703 0.05233655124902725 0.9715198874473572
-0.041071657091379166 0.050125278532505035 0.9819827079772949
-0.041071657091379166 0.050125278532505035 0.9819827079772949
-0.04011799395084381 0.04811938852071762 0.9919987916946411
-0.04011799395084381 0.04811938852071762 0.9919987916946411
-0.04011799395084381 0.04811938852071762 0.9919987916946411
-0.04011799395084381 0.04811938852071762 0.9919987916946411
-0.03811800107359886 0.04423529654741287 1.0111002922058105
-0.03811800107359886 0.04423529654741287 1.0111002922058105
-0.03811800107359886 0.04423529654741287 1.0111002922058105
-0.03811800107359886 0.04423529654741287 1.0111002922058105
-0.03584945946931839 0.041092924773693085 1.0292346477508545
-0.03584945946931839 0.041092924773693085 1.0292346477508545
-0.034476522356271744 0.039533987641334534 1.0385587215423584
-0.034476522356271744 0.039533987641334534 1.0385587215423584
-0.0327015146613121 0.03783462941646576 1.0485869646072388
-0.0327015146613121 0.03783462941646576 1.0485869646072388
-0.0327015146613121 0.03783462941646576 1.0485869646072388
-0.0327015146613121 0.03783462941646576 1.0485869646072388
-0.0327015146613121 0.03783462941646576 1.0485869646072388
-0.0327015146613121 0.03783462941646576 1.0485869646072388
-0.0327015146613121 0.03783462941646576 1.0485869646072388
-0.0327015146613121 0.03783462941646576 1.0485869646072388
-0.0327015146613121 0.03783462941646576 1.0485869646072388
-0.0327015146613121 0.03783462941646576 1.0485869646072388
-0.0327015146613121 0.03783462941646576 1.0485869646072388
-0.0327015146613121 0.03783462941646576 1.0485869646072388
-0.0327015146613121 0.03783462941646576 1.0485869646072388
-0.0327015146613121 0.03783462941646576 1.0485869646072388
-0.0327015146613121 0.03783462941646576 1.0485869646072388
-0.0327015146613121 0.03783462941646576 1.0485869646072388
-0.0327015146613121 0.03783462941646576 1.0485869646072388
-0.016884278506040573 0.005553975701332092 1.1595942974090576
-0.016884278506040573 0.005553975701332092 1.1595942974090576
-0.016020864248275757 0.0021965354681015015 1.1687811613082886
-0.01459481567144394 -0.0009458735585212708 1.1780282258987427
-0.013051517307758331 -0.005062557756900787 1.188010334968567
-0.013051517307758331 -0.005062557756900787 1.188010334968567
-0.011453431099653244 -0.00949038565158844 1.1983815431594849
-0.011453431099653244 -0.00949038565158844 1.1983815431594849
-0.009385939687490463 -0.012964002788066864 1.2083213329315186
-0.009385939687490463 -0.012964002788066864 1.2083213329315186
-0.007667761296033859 -0.015982553362846375 1.2175068855285645
-0.007667761296033859 -0.015982553362846375 1.2175068855285645
-0.0064088888466358185 -0.019064389169216156 1.2260181903839111
-0.0064088888466358185 -0.019064389169216156 1.2260181903839111
-0.00499165803194046 -0.02148798108100891 1.2337572574615479
-0.00499165803194046 -0.02148798108100891 1.2337572574615479
-0.00499165803194046 -0.02148798108100891 1.2337572574615479
-0.00499165803194046 -0.02148798108100891 1.2337572574615479
-0.00499165803194046 -0.02148798108100891 1.2337572574615479
-0.00499165803194046 -0.02148798108100891 1.2337572574615479
-0.00499165803194046 -0.02148798108100891 1.2337572574615479
-0.00499165803194046 -0.02148798108100891 1.2337572574615479
-0.00499165803194046 -0.02148798108100891 1.2337572574615479
-0.00499165803194046 -0.02148798108100891 1.2337572574615479
-0.00499165803194046 -0.02148798108100891 1.2337572574615479
-0.00499165803194046 -0.02148798108100891 1.2337572574615479
-0.00499165803194046 -0.02148798108100891 1.2337572574615479
-0.00499165803194046 -0.02148798108100891 1.2337572574615479
-0.00499165803194046 -0.02148798108100891 1.2337572574615479
-0.00499165803194046 -0.02148798108100891 1.2337572574615479
-0.00499165803194046 -0.02148798108100891 1.2337572574615479
-0.00499165803194046 -0.02148798108100891 1.2337572574615479
-0.00499165803194046 -0.02148798108100891 1.2337572574615479
-0.00499165803194046 -0.02148798108100891 1.2337572574615479
-0.00499165803194046 -0.02148798108100891 1.2337572574615479
-0.00499165803194046 -0.02148798108100891 1.2337572574615479
-0.00499165803194046 -0.02148798108100891 1.2337572574615479
-0.00499165803194046 -0.02148798108100891 1.2337572574615479
-0.00499165803194046 -0.02148798108100891 1.2337572574615479
-0.00499165803194046 -0.02148798108100891 1.2337572574615479
-0.00499165803194046 -0.02148798108100891 1.2337572574615479
-0.00499165803194046 -0.02148798108100891 1.2337572574615479
-0.00499165803194046 -0.02148798108100891 1.2337572574615479
-0.00499165803194046 -0.02148798108100891 1.2337572574615479
-0.00499165803194046 -0.02148798108100891 1.2337572574615479
-0.00499165803194046 -0.02148798108100891 1.2337572574615479
-0.00499165803194046 -0.02148798108100891 1.2337572574615479
-0.00499165803194046 -0.02148798108100891 1.2337572574615479
-0.00499165803194046 -0.02148798108100891 1.2337572574615479
-0.00499165803194046 -0.02148798108100891 1.2337572574615479
-0.00499165803194046 -0.02148798108100891 1.2337572574615479
-0.00499165803194046 -0.02148798108100891 1.2337572574615479
-0.00499165803194046 -0.02148798108100891 1.2337572574615479
-0.00499165803194046 -0.02148798108100891 1.2337572574615479
-0.00499165803194046 -0.02148798108100891 1.2337572574615479
-0.00499165803194046 -0.02148798108100891 1.2337572574615479
-0.00499165803194046 -0.02148798108100891 1.2337572574615479
-0.00499165803194046 -0.02148798108100891 1.2337572574615479
-0.00499165803194046 -0.02148798108100891 1.2337572574615479
-0.00499165803194046 -0.02148798108100891 1.2337572574615479
-0.00499165803194046 -0.02148798108100891 1.2337572574615479
-0.00499165803194046 -0.02148798108100891 1.2337572574615479
-0.00499165803194046 -0.02148798108100891 1.2337572574615479
-0.00499165803194046 -0.02148798108100891 1.2337572574615479
-0.00499165803194046 -0.02148798108100891 1.2337572574615479
-0.00499165803194046 -0.02148798108100891 1.2337572574615479
-0.00499165803194046 -0.02148798108100891 1.2337572574615479
-0.00499165803194046 -0.02148798108100891 1.2337572574615479
-0.00499165803194046 -0.02148798108100891 1.2337572574615479
-0.00499165803194046 -0.02148798108100891 1.2337572574615479
-0.00499165803194046 -0.02148798108100891 1.2337572574615479
-0.00499165803194046 -0.02148798108100891 1.2337572574615479
-0.00499165803194046 -0.02148798108100891 1.2337572574615479
-0.00499165803194046 -0.02148798108100891 1.2337572574615479
-0.00499165803194046 -0.02148798108100891 1.2337572574615479
-0.00499165803194046 -0.02148798108100891 1.2337572574615479
-0.00499165803194046 -0.02148798108100891 1.2337572574615479
-0.00499165803194046 -0.02148798108100891 1.2337572574615479
-0.00499165803194046 -0.02148798108100891 1.2337572574615479
-0.00499165803194046 -0.02148798108100891 1.2337572574615479
-0.00499165803194046 -0.02148798108100891 1.2337572574615479
-0.00499165803194046 -0.02148798108100891 1.2337572574615479
-0.00499165803194046 -0.02148798108100891 1.2337572574615479
-0.0015382543206214905 0.015000291168689728 1.2306551933288574
-0.0015382543206214905 0.015000291168689728 1.2306551933288574
-0.0027857348322868347 0.016895994544029236 1.2194868326187134
-0.0027857348322868347 0.016895994544029236 1.2194868326187134
-0.003526248037815094 0.018281184136867523 1.209404706954956
-0.003526248037815094 0.018281184136867523 1.209404706954956
-0.0036663413047790527 0.019648276269435883 1.1999516487121582
-0.0036663413047790527 0.019648276269435883 1.1999516487121582
-0.0036663413047790527 0.019648276269435883 1.1999516487121582
-0.0036663413047790527 0.019648276269435883 1.1999516487121582
-0.0036663413047790527 0.019648276269435883 1.1999516487121582
-0.0036663413047790527 0.019648276269435883 1.1999516487121582
-0.0036663413047790527 0.019648276269435883 1.1999516487121582
-0.0036663413047790527 0.019648276269435883 1.1999516487121582
-0.0036663413047790527 0.019648276269435883 1.1999516487121582
-0.0036663413047790527 0.019648276269435883 1.1999516487121582
-0.0036663413047790527 0.019648276269435883 1.1999516487121582
-0.0036663413047790527 0.019648276269435883 1.1999516487121582
-0.0036663413047790527 0.019648276269435883 1.1999516487121582
-0.0036663413047790527 0.019648276269435883 1.1999516487121582
-0.0036663413047790527 0.019648276269435883 1.1999516487121582
-0.0036663413047790527 0.019648276269435883 1.1999516487121582
-0.0036663413047790527 0.019648276269435883 1.1999516487121582
-0.0036663413047790527 0.019648276269435883 1.1999516487121582
-0.0036663413047790527 0.019648276269435883 1.1999516487121582
-0.0036663413047790527 0.019648276269435883 1.1999516487121582
-0.0036663413047790527 0.019648276269435883 1.1999516487121582
-0.0036663413047790527 0.019648276269435883 1.1999516487121582
-0.0036663413047790527 0.019648276269435883 1.1999516487121582
-0.0036663413047790527 0.019648276269435883 1.1999516487121582
-0.0036663413047790527 0.019648276269435883 1.1999516487121582
-0.0036663413047790527 0.019648276269435883 1.1999516487121582
-0.017206013202667236 0.04278666526079178 1.0395430326461792
-0.017206013202667236 0.04278666526079178 1.0395430326461792
-0.018230870366096497 0.04376622289419174 1.0273160934448242
-0.018230870366096497 0.04376622289419174 1.0273160934448242
-0.019020434468984604 0.044258251786231995 1.015287160873413
-0.019020434468984604 0.044258251786231995 1.015287160873413
-0.019020434468984604 0.044258251786231995 1.015287160873413
-0.019020434468984604 0.044258251786231995 1.015287160873413
-0.021906208246946335 0.04775048792362213 0.9740946888923645
-0.02320307120680809 0.04951261729001999 0.9575933218002319
-0.02320307120680809 0.04951261729001999 0.9575933218002319
-0.024580519646406174 0.05105680227279663 0.9403839111328125
-0.025816988199949265 0.05233608931303024 0.922951340675354
-0.025816988199949265 0.05233608931303024 0.922951340675354
-0.02675345167517662 0.05377168208360672 0.9049102067947388
-0.02675345167517662 0.05377168208360672 0.9049102067947388
-0.02748887985944748 0.055274687707424164 0.8861311674118042
-0.02748887985944748 0.055274687707424164 0.8861311674118042
-0.02804984152317047 0.05719079077243805 0.8665252327919006
-0.02851817011833191 0.05922113358974457 0.845894455909729
-0.02851817011833191 0.05922113358974457 0.845894455909729
-0.02886439859867096 0.060955971479415894 0.824739396572113
-0.02886439859867096 0.060955971479415894 0.824739396572113
-0.02886439859867096 0.060955971479415894 0.824739396572113
-0.02886439859867096 0.060955971479415894 0.824739396572113
-0.030125126242637634 0.06424280256032944 0.7619643211364746
-0.030125126242637634 0.06424280256032944 0.7619643211364746
-0.030373547226190567 0.06550557911396027 0.7408577799797058
-0.030373547226190567 0.06550557911396027 0.7408577799797058
-0.030649662017822266 0.06807173788547516 0.6983866095542908
-0.030649662017822266 0.06807173788547516 0.6983866095542908
-0.030837394297122955 0.06872529536485672 0.6782121658325195
-0.030837394297122955 0.06872529536485672 0.6782121658325195
-0.03109302744269371 0.06880240887403488 0.6587797403335571
-0.03109302744269371 0.06880240887403488 0.6587797403335571
-0.03131084889173508 0.06879101693630219 0.6400665044784546
-0.031621627509593964 0.06847435235977173 0.6215008497238159
-0.032085638493299484 0.0680638775229454 0.6028380393981934
-0.032085638493299484 0.0680638775229454 0.6028380393981934
-0.03251734748482704 0.06742418557405472 0.5842636823654175
-0.03251734748482704 0.06742418557405472 0.5842636823654175
-0.032734837383031845 0.06649846583604813 0.5657151341438293
-0.032734837383031845 0.06649846583604813 0.5657151341438293
-0.03280344605445862 0.06487429887056351 0.5472378730773926
-0.03280344605445862 0.06487429887056351 0.5472378730773926
-0.03257734701037407 0.06287761777639389 0.5286099314689636
-0.03257734701037407 0.06287761777639389 0.5286099314689636
-0.031949885189533234 0.06083684414625168 0.5095409750938416
-0.031949885189533234 0.06083684414625168 0.5095409750938416
-0.031372442841529846 0.058859050273895264 0.4896886646747589
-0.031489014625549316 0.05608274042606354 0.4689653515815735
-0.03172467276453972 0.0531516969203949 0.44782739877700806
-0.031783249229192734 0.05003270506858826 0.42731717228889465
-0.031783249229192734 0.05003270506858826 0.42731717228889465
-0.031783249229192734 0.05003270506858826 0.42731717228889465
-0.031783249229192734 0.05003270506858826 0.42731717228889465
-0.03136013075709343 0.04361733794212341 0.38766705989837646
-0.03136013075709343 0.04361733794212341 0.38766705989837646
-0.030752092599868774 0.040431879460811615 0.36907339096069336
-0.030752092599868774 0.040431879460811615 0.36907339096069336
-0.0296640545129776 0.037692464888095856 0.35118022561073303
-0.0296640545129776 0.037692464888095856 0.35118022561073303
-0.0296640545129776 0.037692464888095856 0.35118022561073303
-0.0296640545129776 0.037692464888095856 0.35118022561073303
-0.0296640545129776 0.037692464888095856 0.35118022561073303
-0.0296640545129776 0.037692464888095856 0.35118022561073303
-0.0296640545129776 0.037692464888095856 0.35118022561073303
-0.0296640545129776 0.037692464888095856 0.35118022561073303
-0.0296640545129776 0.037692464888095856 0.35118022561073303
-0.0296640545129776 0.037692464888095856 0.35118022561073303
-0.0296640545129776 0.037692464888095856 0.35118022561073303
-0.0296640545129776 0.037692464888095856 0.35118022561073303
-0.0296640545129776 0.037692464888095856 0.35118022561073303
-0.0296640545129776 0.037692464888095856 0.35118022561073303
-0.0296640545129776 0.037692464888095856 0.35118022561073303
-0.0296640545129776 0.037692464888095856 0.35118022561073303
-0.0296640545129776 0.037692464888095856 0.35118022561073303
-0.0296640545129776 0.037692464888095856 0.35118022561073303
-0.0296640545129776 0.037692464888095856 0.35118022561073303
-0.0296640545129776 0.037692464888095856 0.35118022561073303
-0.0296640545129776 0.037692464888095856 0.35118022561073303
-0.0296640545129776 0.037692464888095856 0.35118022561073303
-0.0296640545129776 0.037692464888095856 0.35118022561073303
-0.0296640545129776 0.037692464888095856 0.35118022561073303
-0.0296640545129776 0.037692464888095856 0.35118022561073303
-0.0296640545129776 0.037692464888095856 0.35118022561073303
-0.0296640545129776 0.037692464888095856 0.35118022561073303
-0.0296640545129776 0.037692464888095856 0.35118022561073303
-0.0296640545129776 0.037692464888095856 0.35118022561073303
-0.0296640545129776 0.037692464888095856 0.35118022561073303
-0.0296640545129776 0.037692464888095856 0.35118022561073303
-0.0296640545129776 0.037692464888095856 0.35118022561073303
-0.0296640545129776 0.037692464888095856 0.35118022561073303
-0.0296640545129776 0.037692464888095856 0.35118022561073303
-0.0296640545129776 0.037692464888095856 0.35118022561073303
-0.0296640545129776 0.037692464888095856 0.35118022561073303
-0.0296640545129776 0.037692464888095856 0.35118022561073303
-0.0296640545129776 0.037692464888095856 0.35118022561073303
-0.0296640545129776 0.037692464888095856 0.35118022561073303
-0.0296640545129776 0.037692464888095856 0.35118022561073303
-0.0296640545129776 0.037692464888095856 0.35118022561073303
-0.0296640545129776 0.037692464888095856 0.35118022561073303
-0.0296640545129776 0.037692464888095856 0.35118022561073303
-0.0296640545129776 0.037692464888095856 0.35118022561073303
-0.0296640545129776 0.037692464888095856 0.35118022561073303
-0.0296640545129776 0.037692464888095856 0.35118022561073303
-0.0296640545129776 0.037692464888095856 0.35118022561073303
-0.0296640545129776 0.037692464888095856 0.35118022561073303
-0.0296640545129776 0.037692464888095856 0.35118022561073303
-0.0296640545129776 0.037692464888095856 0.35118022561073303
-0.0296640545129776 0.037692464888095856 0.35118022561073303
-0.0296640545129776 0.037692464888095856 0.35118022561073303
-0.0296640545129776 0.037692464888095856 0.35118022561073303
-0.0296640545129776 0.037692464888095856 0.35118022561073303
-0.0296640545129776 0.037692464888095856 0.35118022561073303
-0.0296640545129776 0.037692464888095856 0.35118022561073303
-0.0296640545129776 0.037692464888095856 0.35118022561073303
-0.0296640545129776 0.037692464888095856 0.35118022561073303
-0.0296640545129776 0.037692464888095856 0.35118022561073303
-0.0296640545129776 0.037692464888095856 0.35118022561073303
-0.0296640545129776 0.037692464888095856 0.35118022561073303
-0.0296640545129776 0.037692464888095856 0.35118022561073303
-0.0296640545129776 0.037692464888095856 0.35118022561073303
-0.0296640545129776 0.037692464888095856 0.35118022561073303
-0.0296640545129776 0.037692464888095856 0.35118022561073303
-0.0296640545129776 0.037692464888095856 0.35118022561073303
0.0021729134023189545 -0.01609598845243454 0.008153438568115234
0.002207458019256592 -0.01606777310371399 0.006802812218666077
0.002207458019256592 -0.01606777310371399 0.006802812218666077
0.004373166710138321 -0.015483342111110687 0.0036655664443969727
0.005637463182210922 -0.015170827507972717 0.0028214603662490845
0.0080346018075943 -0.014225460588932037 0.0013281702995300293
0.0080346018075943 -0.014225460588932037 0.0013281702995300293
0.0080346018075943 -0.014225460588932037 0.0013281702995300293
0.0080346018075943 -0.014225460588932037 0.0013281702995300293
0.008799314498901367 -0.013254359364509583 -2.154707908630371e-05
0.008799314498901367 -0.013254359364509583 -2.154707908630371e-05
0.00870385393500328 -0.013412177562713623 0.00020141899585723877
0.00870385393500328 -0.013412177562713623 0.00020141899585723877
0.008742451667785645 -0.013336539268493652 0.00014388561248779297
0.008742451667785645 -0.013336539268493652 0.00014388561248779297
0.00870303064584732 -0.013241328299045563 0.00032132863998413086
0.00870303064584732 -0.013241328299045563 0.00032132863998413086
0.00870303064584732 -0.013241328299045563 0.00032132863998413086
0.00870303064584732 -0.013241328299045563 0.00032132863998413086
0.008691135793924332 -0.013194292783737183 0.0002689361572265625
0.008691135793924332 -0.013194292783737183 0.0002689361572265625
0.008703090250492096 -0.013169214129447937 0.00036966800689697266
0.008703090250492096 -0.013169214129447937 0.00036966800689697266
0.008702695369720459 -0.013194069266319275 0.0002697408199310303
0.008702695369720459 -0.013194069266319275 0.0002697408199310303
0.008686676621437073 -0.013219773769378662 0.00023603439331054688
0.008686676621437073 -0.013219773769378662 0.00023603439331054688
0.008686676621437073 -0.013219773769378662 0.00023603439331054688
0.008686676621437073 -0.013219773769378662 0.00023603439331054688
0.008706722408533096 -0.013277940452098846 0.0001431107521057129
0.008706722408533096 -0.013277940452098846 0.0001431107521057129
0.008739914745092392 -0.013282857835292816 0.00010500848293304443
0.008739914745092392 -0.013282857835292816 0.00010500848293304443
0.008710477501153946 -0.013331353664398193 0.0002742260694503784
0.008710477501153946 -0.013331353664398193 0.0002742260694503784
0.008781667798757553 -0.013305194675922394 0.00034365057945251465
0.008781667798757553 -0.013305194675922394 0.00034365057945251465
0.00872044637799263 -0.013244152069091797 0.0002707839012145996
0.008694954216480255 -0.013273678719997406 0.00033442676067352295
0.008694954216480255 -0.013273678719997406 0.00033442676067352295
0.008701346814632416 -0.013185404241085052 0.00024750828742980957
0.008701346814632416 -0.013185404241085052 0.00024750828742980957
0.008684087544679642 -0.01320715993642807 0.0002615302801132202
0.008684087544679642 -0.01320715993642807 0.0002615302801132202
0.008648287504911423 -0.01319558173418045 0.000332072377204895
0.008648287504911423 -0.01319558173418045 0.000332072377204895
0.00865195319056511 -0.01321876049041748 0.00033308565616607666
0.00865195319056511 -0.01321876049041748 0.00033308565616607666
0.008733164519071579 -0.013286493718624115 0.0001795738935470581
0.008733164519071579 -0.013286493718624115 0.0001795738935470581
0.00870099663734436 -0.013315469026565552 0.00011967122554779053
0.00870099663734436 -0.013315469026565552 0.00011967122554779053
0.008708368986845016 -0.013337217271327972 0.00023317337036132812
0.008708368986845016 -0.013337217271327972 0.00023317337036132812
0.008786916732788086 -0.013215579092502594 0.00019162893295288086
0.008786916732788086 -0.013215579092502594 0.00019162893295288086
0.008771784603595734 -0.013218358159065247 0.0002497434616088867
0.008771784603595734 -0.013218358159065247 0.0002497434616088867
0.008763764053583145 -0.013225667178630829 0.0002238154411315918
0.008763764053583145 -0.013225667178630829 0.0002238154411315918
0.008704006671905518 -0.013252966105937958 0.00022171437740325928
0.008704006671905518 -0.013252966105937958 0.00022171437740325928
0.008704006671905518 -0.013252966105937958 0.00022171437740325928
0.008704006671905518 -0.013252966105937958 0.00022171437740325928
0.008704006671905518 -0.013252966105937958 0.00022171437740325928
0.008701544255018234 -0.013232477009296417 0.00025613605976104736
0.008701544255018234 -0.013232477009296417 0.00025613605976104736
0.00863540917634964 -0.013223893940448761 0.0003733336925506592
0.00863540917634964 -0.013223893940448761 0.0003733336925506592
0.008668560534715652 -0.013296663761138916 0.0002609938383102417
0.008668560534715652 -0.013296663761138916 0.0002609938383102417
0.008648466318845749 -0.01325957477092743 0.00018545985221862793
0.008648466318845749 -0.01325957477092743 0.00018545985221862793
0.008648466318845749 -0.01325957477092743 0.00018545985221862793
0.008648466318845749 -0.01325957477092743 0.00018545985221862793
0.008712973445653915 -0.013254858553409576 0.00013433396816253662
0.008712973445653915 -0.013254858553409576 0.00013433396816253662
0.008712973445653915 -0.013254858553409576 0.00013433396816253662
0.008712973445653915 -0.013254858553409576 0.00013433396816253662
0.008780747652053833 -0.013263948261737823 0.00026009976863861084
0.008780747652053833 -0.013263948261737823 0.00026009976863861084
0.008729714900255203 -0.013211414217948914 0.00033120810985565186
0.008729714900255203 -0.013211414217948914 0.00033120810985565186
0.008729714900255203 -0.013211414217948914 0.00033120810985565186
0.008729714900255203 -0.013211414217948914 0.00033120810985565186
0.008671648800373077 -0.013216815888881683 0.000315934419631958
0.008636899292469025 -0.013234756886959076 0.00013525784015655518
0.008645687252283096 -0.013290353119373322 0.0002778172492980957
0.008645687252283096 -0.013290353119373322 0.0002778172492980957
0.008650403469800949 -0.013278767466545105 0.00027751922607421875
0.008650403469800949 -0.013278767466545105 0.00027751922607421875
0.008692510426044464 -0.013277612626552582 0.00018364191055297852
0.008692510426044464 -0.013277612626552582 0.00018364191055297852
0.008662421256303787 -0.013330712914466858 0.0002644658088684082
0.008662421256303787 -0.013330712914466858 0.0002644658088684082
0.008747313171625137 -0.013364359736442566 0.00028839707374572754
0.008747313171625137 -0.013364359736442566 0.00028839707374572754
0.008709222078323364 -0.013231627643108368 0.0001754462718963623
0.008709222078323364 -0.013231627643108368 0.0001754462718963623
0.008683636784553528 -0.013294324278831482 0.00024774670600891113
0.00862814486026764 -0.013255998492240906 0.00013138353824615479
0.00862814486026764 -0.013255998492240906 0.00013138353824615479
0.008672099560499191 -0.013200350105762482 0.00024774670600891113
0.008672099560499191 -0.013200350105762482 0.00024774670600891113
0.008685708045959473 -0.013252757489681244 0.0001710355281829834
0.008682157844305038 -0.013285383582115173 0.0001185387372970581
0.008682157844305038 -0.013285383582115173 0.0001185387372970581
0.008682157844305038 -0.013285383582115173 0.0001185387372970581
0.00874103233218193 -0.013329721987247467 0.0001979619264602661
0.00874103233218193 -0.013329721987247467 0.0001979619264602661
0.008700273931026459 -0.013352744281291962 0.0002501457929611206
0.008700273931026459 -0.013352744281291962 0.0002501457929611206
0.008702520281076431 -0.01323266327381134 0.00022411346435546875
0.008702520281076431 -0.01323266327381134 0.00022411346435546875
0.008625779300928116 -0.0132356658577919 0.0002821236848831177
0.008625779300928116 -0.0132356658577919 0.0002821236848831177
0.0086560919880867 -0.013179890811443329 0.0002814978361129761
0.008710283786058426 -0.013141140341758728 0.00023743510246276855
0.008711118251085281 -0.013355903327465057 0.0001421719789505005
0.008711118251085281 -0.013355903327465057 0.0001421719789505005
0.008700720965862274 -0.013304539024829865 0.00021918118000030518
0.008700720965862274 -0.013304539024829865 0.00021918118000030518
0.008725050836801529 -0.013285435736179352 0.00010994076728820801
0.008725050836801529 -0.013285435736179352 0.00010994076728820801
0.008709888905286789 -0.013342306017875671 9.97781753540039e-05
0.008747395128011703 -0.013297684490680695 0.00013312697410583496
0.008747395128011703 -0.013297684490680695 0.00013312697410583496
0.008711010217666626 -0.013275578618049622 9.396672248840332e-05
0.008711010217666626 -0.013275578618049622 9.396672248840332e-05
0.008690625429153442 -0.013275258243083954 0.0002343207597732544
0.008684191852807999 -0.013209313154220581 7.489323616027832e-05
0.008684191852807999 -0.013209313154220581 7.489323616027832e-05
0.008714258670806885 -0.013215526938438416 0.0002114325761795044
0.008714258670806885 -0.013215526938438416 0.0002114325761795044
0.008721806108951569 -0.01327061653137207 0.00017349421977996826
0.008721806108951569 -0.01327061653137207 0.00017349421977996826
0.008688237518072128 -0.013330906629562378 0.00019399821758270264
0.008688237518072128 -0.013330906629562378 0.00019399821758270264
0.008727949112653732 -0.013333283364772797 0.00019244849681854248
0.008727949112653732 -0.013333283364772797 0.00019244849681854248
0.008700024336576462 -0.013261742889881134 0.0001427680253982544
0.008700024336576462 -0.013261742889881134 0.0001427680253982544
0.008698221296072006 -0.01326848566532135 0.00023874640464782715
0.008698221296072006 -0.01326848566532135 0.00023874640464782715
0.008713353425264359 -0.013251043856143951 0.0001173168420791626
0.008713353425264359 -0.013251043856143951 0.0001173168420791626
0.008701585233211517 -0.013275586068630219 0.00011153519153594971
0.008668147027492523 -0.013305716216564178 0.00022274255752563477
0.008668147027492523 -0.013305716216564178 0.00022274255752563477
0.008739084005355835 -0.013290919363498688 0.0001828521490097046
0.008739084005355835 -0.013290919363498688 0.0001828521490097046
0.008629415184259415 -0.013310357928276062 0.0002343505620956421
0.008629415184259415 -0.013310357928276062 0.0002343505620956421
0.008629415184259415 -0.013310357928276062 0.0002343505620956421
0.0086904875934124 -0.013257808983325958 0.00019675493240356445
0.0086904875934124 -0.013257808983325958 0.00019675493240356445
0.008717697113752365 -0.01322222501039505 0.00014476478099822998
0.008717697113752365 -0.01322222501039505 0.00014476478099822998
0.008644986897706985 -0.013231933116912842 0.00022074580192565918
0.008644986897706985 -0.013231933116912842 0.00022074580192565918
0.00865885242819786 -0.013295181095600128 0.0001277923583984375
0.00865885242819786 -0.013295181095600128 0.0001277923583984375
0.008684642612934113 -0.013286389410495758 0.0001287907361984253
0.008684642612934113 -0.013286389410495758 0.0001287907361984253
0.008742041885852814 -0.013254381716251373 3.014504909515381e-05
0.008742041885852814 -0.013254381716251373 3.014504909515381e-05
0.008742041885852814 -0.013254381716251373 3.014504909515381e-05
0.008742041885852814 -0.013254381716251373 3.014504909515381e-05
0.008742041885852814 -0.013254381716251373 3.014504909515381e-05
0.009481333196163177 -0.013010628521442413 0.0009200423955917358
0.009481333196163177 -0.013010628521442413 0.0009200423955917358
0.009481333196163177 -0.013010628521442413 0.0009200423955917358
0.009481333196163177 -0.013010628521442413 0.0009200423955917358
0.009375941008329391 -0.012694276869297028 0.0017459839582443237
0.009375941008329391 -0.012694276869297028 0.0017459839582443237
0.009313397109508514 -0.012484990060329437 0.001755639910697937
0.009313397109508514 -0.012484990060329437 0.001755639910697937
0.008847646415233612 -0.013047687709331512 0.000559583306312561
0.008847646415233612 -0.013047687709331512 0.000559583306312561
0.008847646415233612 -0.013047687709331512 0.000559583306312561
0.008847646415233612 -0.013047687709331512 0.000559583306312561
0.008847646415233612 -0.013047687709331512 0.000559583306312561
0.008847646415233612 -0.013047687709331512 0.000559583306312561
0.008847646415233612 -0.013047687709331512 0.000559583306312561
0.008847646415233612 -0.013047687709331512 0.000559583306312561
0.008847646415233612 -0.013047687709331512 0.000559583306312561
0.008847646415233612 -0.013047687709331512 0.000559583306312561
0.008847646415233612 -0.013047687709331512 0.000559583306312561
0.008847646415233612 -0.013047687709331512 0.000559583306312561
0.008847646415233612 -0.013047687709331512 0.000559583306312561
0.008847646415233612 -0.013047687709331512 0.000559583306312561
0.008847646415233612 -0.013047687709331512 0.000559583306312561
0.008847646415233612 -0.013047687709331512 0.000559583306312561
0.008847646415233612 -0.013047687709331512 0.000559583306312561
0.008847646415233612 -0.013047687709331512 0.000559583306312561
0.008847646415233612 -0.013047687709331512 0.000559583306312561
0.008847646415233612 -0.013047687709331512 0.000559583306312561
0.008847646415233612 -0.013047687709331512 0.000559583306312561
0.008847646415233612 -0.013047687709331512 0.000559583306312561
0.008847646415233612 -0.013047687709331512 0.000559583306312561
0.008847646415233612 -0.013047687709331512 0.000559583306312561
0.008847646415233612 -0.013047687709331512 0.000559583306312561
0.008847646415233612 -0.013047687709331512 0.000559583306312561
0.008847646415233612 -0.013047687709331512 0.000559583306312561
0.008847646415233612 -0.013047687709331512 0.000559583306312561
0.008847646415233612 -0.013047687709331512 0.000559583306312561
0.008847646415233612 -0.013047687709331512 0.000559583306312561
0.008847646415233612 -0.013047687709331512 0.000559583306312561
0.008847646415233612 -0.013047687709331512 0.000559583306312561
0.008847646415233612 -0.013047687709331512 0.000559583306312561
0.008847646415233612 -0.013047687709331512 0.000559583306312561
0.008847646415233612 -0.013047687709331512 0.000559583306312561
0.008847646415233612 -0.013047687709331512 0.000559583306312561
0.008847646415233612 -0.013047687709331512 0.000559583306312561
0.008847646415233612 -0.013047687709331512 0.000559583306312561
0.008847646415233612 -0.013047687709331512 0.000559583306312561
0.008847646415233612 -0.013047687709331512 0.000559583306312561
0.008847646415233612 -0.013047687709331512 0.000559583306312561
0.008847646415233612 -0.013047687709331512 0.000559583306312561
0.008847646415233612 -0.013047687709331512 0.000559583306312561
0.008847646415233612 -0.013047687709331512 0.000559583306312561
0.008847646415233612 -0.013047687709331512 0.000559583306312561
0.008847646415233612 -0.013047687709331512 0.000559583306312561
0.008847646415233612 -0.013047687709331512 0.000559583306312561
0.008847646415233612 -0.013047687709331512 0.000559583306312561
0.008847646415233612 -0.013047687709331512 0.000559583306312561
0.008847646415233612 -0.013047687709331512 0.000559583306312561
0.008847646415233612 -0.013047687709331512 0.000559583306312561
0.008847646415233612 -0.013047687709331512 0.000559583306312561
0.008847646415233612 -0.013047687709331512 0.000559583306312561
0.008847646415233612 -0.013047687709331512 0.000559583306312561
0.008787833154201508 -0.013436168432235718 -7.444620132446289e-05
0.008787833154201508 -0.013436168432235718 -7.444620132446289e-05
0.008787833154201508 -0.013436168432235718 -7.444620132446289e-05
0.008787833154201508 -0.013436168432235718 -7.444620132446289e-05
0.008787833154201508 -0.013436168432235718 -7.444620132446289e-05
0.008787833154201508 -0.013436168432235718 -7.444620132446289e-05
0.008967604488134384 -0.012721717357635498 0.0011534243822097778
0.008967604488134384 -0.012721717357635498 0.0011534243822097778
0.008967604488134384 -0.012721717357635498 0.0011534243822097778
0.008967604488134384 -0.012721717357635498 0.0011534243822097778
0.008967604488134384 -0.012721717357635498 0.0011534243822097778
0.008967604488134384 -0.012721717357635498 0.0011534243822097778
0.008369721472263336 -0.013426028192043304 -0.0004128366708755493
0.008369721472263336 -0.013426028192043304 -0.0004128366708755493
0.008369721472263336 -0.013426028192043304 -0.0004128366708755493
0.008369721472263336 -0.013426028192043304 -0.0004128366708755493
0.008369721472263336 -0.013426028192043304 -0.0004128366708755493
0.008369721472263336 -0.013426028192043304 -0.0004128366708755493
0.008760347962379456 -0.013787828385829926 -0.0003852248191833496
0.008760347962379456 -0.013787828385829926 -0.0003852248191833496
0.009020254015922546 -0.013589993119239807 9.451806545257568e-05
0.009020254015922546 -0.013589993119239807 9.451806545257568e-05
0.009020254015922546 -0.013589993119239807 9.451806545257568e-05
0.009020254015922546 -0.013589993119239807 9.451806545257568e-05
0.00904645025730133 -0.013046473264694214 0.0008003115653991699
0.00904645025730133 -0.013046473264694214 0.0008003115653991699
0.008861575275659561 -0.012845717370510101 0.0010237246751785278
0.008861575275659561 -0.012845717370510101 0.0010237246751785278
0.008861575275659561 -0.012845717370510101 0.0010237246751785278
0.008861575275659561 -0.012845717370510101 0.0010237246751785278
0.008360359817743301 -0.01298666000366211 0.00035050511360168457
0.008347548544406891 -0.013312578201293945 -0.00011514127254486084
0.008347548544406891 -0.013312578201293945 -0.00011514127254486084
0.008347548544406891 -0.013312578201293945 -0.00011514127254486084
0.008347548544406891 -0.013312578201293945 -0.00011514127254486084
0.008347548544406891 -0.013312578201293945 -0.00011514127254486084
0.008828762918710709 -0.013779230415821075 -0.0003924071788787842
0.008828762918710709 -0.013779230415821075 -0.0003924071788787842
0.009038921445608139 -0.013654239475727081 7.539987564086914e-05
0.009038921445608139 -0.013654239475727081 7.539987564086914e-05
0.009123161435127258 -0.013439379632472992 0.0003846585750579834
0.009123161435127258 -0.013439379632472992 0.0003846585750579834
0.009048447012901306 -0.013072684407234192 0.0006483197212219238
0.009048447012901306 -0.013072684407234192 0.0006483197212219238
0.009048447012901306 -0.013072684407234192 0.0006483197212219238
0.009048447012901306 -0.013072684407234192 0.0006483197212219238
0.009048447012901306 -0.013072684407234192 0.0006483197212219238
0.009048447012901306 -0.013072684407234192 0.0006483197212219238
0.009048447012901306 -0.013072684407234192 0.0006483197212219238
0.009048447012901306 -0.013072684407234192 0.0006483197212219238
0.008262496441602707 -0.013222917914390564 -1.3694167137145996e-05
0.008262496441602707 -0.013222917914390564 -1.3694167137145996e-05
0.008343853056430817 -0.013390712440013885 -0.0003855675458908081
0.008343853056430817 -0.013390712440013885 -0.0003855675458908081
0.008343853056430817 -0.013390712440013885 -0.0003855675458908081
0.008343853056430817 -0.013390712440013885 -0.0003855675458908081
0.008746325969696045 -0.013734184205532074 -0.0005101561546325684
0.008746325969696045 -0.013734184205532074 -0.0005101561546325684
0.009019993245601654 -0.013585165143013 -8.228421211242676e-05
0.009019993245601654 -0.013585165143013 -8.228421211242676e-05
0.009116936475038528 -0.013534404337406158 0.000270158052444458
0.009116936475038528 -0.013534404337406158 0.000270158052444458
0.008969292044639587 -0.013305947184562683 0.00054168701171875
0.008969292044639587 -0.013305947184562683 0.00054168701171875
0.008969292044639587 -0.013305947184562683 0.00054168701171875
0.008969292044639587 -0.013305947184562683 0.00054168701171875
0.008969292044639587 -0.013305947184562683 0.00054168701171875
0.008969292044639587 -0.013305947184562683 0.00054168701171875
0.008388150483369827 -0.012891724705696106 0.0005129426717758179
0.008388150483369827 -0.012891724705696106 0.0005129426717758179
0.00833592563867569 -0.012920625507831573 0.00016963481903076172
0.00833592563867569 -0.012920625507831573 0.00016963481903076172
0.008297882974147797 -0.013270676136016846 -0.0001574307680130005
0.008297882974147797 -0.013270676136016846 -0.0001574307680130005
0.008474450558423996 -0.013494782149791718 -0.00033843517303466797
0.008474450558423996 -0.013494782149791718 -0.00033843517303466797
0.00872061401605606 -0.01366521418094635 -0.0002485811710357666
0.00872061401605606 -0.01366521418094635 -0.0002485811710357666
0.00895000621676445 -0.01368299126625061 -0.00024268031120300293
0.00895000621676445 -0.01368299126625061 -0.00024268031120300293
0.009045828133821487 -0.013675928115844727 7.136166095733643e-05
0.009045828133821487 -0.013675928115844727 7.136166095733643e-05
0.008985698223114014 -0.013329856097698212 0.00021822750568389893
0.008985698223114014 -0.013329856097698212 0.00021822750568389893
0.008985698223114014 -0.013329856097698212 0.00021822750568389893
0.008985698223114014 -0.013329856097698212 0.00021822750568389893
0.008985698223114014 -0.013329856097698212 0.00021822750568389893
0.008985698223114014 -0.013329856097698212 0.00021822750568389893
0.008985698223114014 -0.013329856097698212 0.00021822750568389893
0.008985698223114014 -0.013329856097698212 0.00021822750568389893
0.008469272404909134 -0.012988366186618805 0.0003621727228164673
0.008469272404909134 -0.012988366186618805 0.0003621727228164673
0.008373886346817017 -0.01321016252040863 2.5317072868347168e-05
0.008373886346817017 -0.01321016252040863 2.5317072868347168e-05
0.008481170982122421 -0.013366997241973877 -8.746981620788574e-06
0.008481170982122421 -0.013366997241973877 -8.746981620788574e-06
0.008684787899255753 -0.013504736125469208 -0.00012971460819244385
0.008684787899255753 -0.013504736125469208 -0.00012971460819244385
0.00883374735713005 -0.013664841651916504 -0.00016877055168151855
0.00883374735713005 -0.013664841651916504 -0.00016877055168151855
0.00895250216126442 -0.013573810458183289 2.250075340270996e-05
0.00895250216126442 -0.013573810458183289 2.250075340270996e-05
0.0088735930621624 -0.013482488691806793 0.00026522576808929443
0.0088735930621624 -0.013482488691806793 0.00026522576808929443
0.0088735930621624 -0.013482488691806793 0.00026522576808929443
0.0088735930621624 -0.013482488691806793 0.00026522576808929443
0.0088735930621624 -0.013482488691806793 0.00026522576808929443
0.0088735930621624 -0.013482488691806793 0.00026522576808929443
0.00856221467256546 -0.013071328401565552 0.00035005807876586914
0.00856221467256546 -0.013071328401565552 0.00035005807876586914
0.00856221467256546 -0.013071328401565552 0.00035005807876586914
0.00856221467256546 -0.013071328401565552 0.00035005807876586914
0.008527945727109909 -0.013118214905261993 5.340576171875e-05
0.008527945727109909 -0.013118214905261993 5.340576171875e-05
0.00849747285246849 -0.013320036232471466 2.7120113372802734e-06
0.008672595024108887 -0.01340194046497345 -8.861720561981201e-05
0.008672595024108887 -0.01340194046497345 -8.861720561981201e-05
0.008751492947340012 -0.013502061367034912 -0.00014975666999816895
0.008803009986877441 -0.013504564762115479 -5.440413951873779e-05
0.008803009986877441 -0.013504564762115479 -5.440413951873779e-05
0.008840400725603104 -0.013370610773563385 0.00019064545631408691
0.008840400725603104 -0.013370610773563385 0.00019064545631408691
0.008840400725603104 -0.013370610773563385 0.00019064545631408691
0.008840400725603104 -0.013370610773563385 0.00019064545631408691
0.008695423603057861 -0.013141833245754242 0.00030188262462615967
0.008695423603057861 -0.013141833245754242 0.00030188262462615967